-43.8926	0
-43.471	4.28029
-43.471	-4.28029
-42.2225	8.39608
-42.2225	-8.39608
-40.195	12.1892
-40.195	-12.1892
-37.4665	15.5139
-37.4665	-15.5139
-34.1418	18.2425
-34.1418	-18.2425
-30.3486	20.2699
-30.3486	-20.2699
-26.2328	21.5185
-26.2328	-21.5185
-21.9525	21.94
-21.9525	-21.94
-17.6722	21.5185
-17.6722	-21.5185
-13.5564	20.2699
-13.5564	-20.2699
-9.7633	18.2425
-9.7633	-18.2425
-6.43858	15.5139
-6.43858	-15.5139
-0.0125	0
-0.434071	4.28029
-0.434071	-4.28029
-1.68259	8.39608
-1.68259	-8.39608
-3.71006	12.1892
-3.71006	-12.1892
-43.9891	0
-43.5675	4.28029
-43.5675	-4.28029
-42.319	8.39608
-42.319	-8.39608
-40.2915	12.1892
-40.2915	-12.1892
-37.563	15.5139
-37.563	-15.5139
-34.2383	18.2425
-34.2383	-18.2425
-30.4451	20.2699
-30.4451	-20.2699
-26.3293	21.5185
-26.3293	-21.5185
-22.049	21.94
-22.049	-21.94
-17.7687	21.5185
-17.7687	-21.5185
-13.6529	20.2699
-13.6529	-20.2699
-9.8598	18.2425
-9.8598	-18.2425
-6.53508	15.5139
-6.53508	-15.5139
-0.109	0
-0.530571	4.28029
-0.530571	-4.28029
-1.77909	8.39608
-1.77909	-8.39608
-3.80656	12.1892
-3.80656	-12.1892
-45.2301	0
-44.8085	4.28029
-44.8085	-4.28029
-43.56	8.39608
-43.56	-8.39608
-41.5325	12.1892
-41.5325	-12.1892
-38.804	15.5139
-38.804	-15.5139
-35.4793	18.2425
-35.4793	-18.2425
-31.6861	20.2699
-31.6861	-20.2699
-27.5703	21.5185
-27.5703	-21.5185
-23.29	21.94
-23.29	-21.94
-19.0097	21.5185
-19.0097	-21.5185
-14.8939	20.2699
-14.8939	-20.2699
-11.1008	18.2425
-11.1008	-18.2425
-7.77608	15.5139
-7.77608	-15.5139
-1.35	0
-1.77157	4.28029
-1.77157	-4.28029
-3.02009	8.39608
-3.02009	-8.39608
-5.04756	12.1892
-5.04756	-12.1892
-44.1971	0
-43.7755	4.28029
-43.7755	-4.28029
-42.527	8.39608
-42.527	-8.39608
-40.4995	12.1892
-40.4995	-12.1892
-37.771	15.5139
-37.771	-15.5139
-34.4463	18.2425
-34.4463	-18.2425
-30.6531	20.2699
-30.6531	-20.2699
-26.5373	21.5185
-26.5373	-21.5185
-22.257	21.94
-22.257	-21.94
-17.9767	21.5185
-17.9767	-21.5185
-13.8609	20.2699
-13.8609	-20.2699
-10.0678	18.2425
-10.0678	-18.2425
-6.74308	15.5139
-6.74308	-15.5139
-0.317	0
-0.738571	4.28029
-0.738571	-4.28029
-1.98709	8.39608
-1.98709	-8.39608
-4.01456	12.1892
-4.01456	-12.1892
-43.9119	0
-43.4903	4.28029
-43.4903	-4.28029
-42.2418	8.39608
-42.2418	-8.39608
-40.2143	12.1892
-40.2143	-12.1892
-37.4858	15.5139
-37.4858	-15.5139
-34.1611	18.2425
-34.1611	-18.2425
-30.3679	20.2699
-30.3679	-20.2699
-26.2521	21.5185
-26.2521	-21.5185
-21.9718	21.94
-21.9718	-21.94
-17.6915	21.5185
-17.6915	-21.5185
-13.5757	20.2699
-13.5757	-20.2699
-9.7826	18.2425
-9.7826	-18.2425
-6.45788	15.5139
-6.45788	-15.5139
-0.0318	0
-0.453371	4.28029
-0.453371	-4.28029
-1.70189	8.39608
-1.70189	-8.39608
-3.72936	12.1892
-3.72936	-12.1892
-52.5201	0
-52.0985	4.28029
-52.0985	-4.28029
-50.85	8.39608
-50.85	-8.39608
-48.8225	12.1892
-48.8225	-12.1892
-46.094	15.5139
-46.094	-15.5139
-42.7693	18.2425
-42.7693	-18.2425
-38.9761	20.2699
-38.9761	-20.2699
-34.8603	21.5185
-34.8603	-21.5185
-30.58	21.94
-30.58	-21.94
-26.2997	21.5185
-26.2997	-21.5185
-22.1839	20.2699
-22.1839	-20.2699
-18.3908	18.2425
-18.3908	-18.2425
-15.0661	15.5139
-15.0661	-15.5139
-8.64	0
-9.06157	4.28029
-9.06157	-4.28029
-10.3101	8.39608
-10.3101	-8.39608
-12.3376	12.1892
-12.3376	-12.1892
-48.9985	0
-48.5279	4.77835
-48.5279	-4.77835
-47.1341	9.37307
-47.1341	-9.37307
-44.8707	13.6076
-44.8707	-13.6076
-41.8247	17.3192
-41.8247	-17.3192
-38.1131	20.3652
-38.1131	-20.3652
-33.8786	22.6286
-33.8786	-22.6286
-29.2839	24.0224
-29.2839	-24.0224
-24.5055	24.493
-24.5055	-24.493
-19.7272	24.0224
-19.7272	-24.0224
-15.1324	22.6286
-15.1324	-22.6286
-10.8979	20.3652
-10.8979	-20.3652
-7.18634	17.3192
-7.18634	-17.3192
-0.0125	0
-0.483126	4.77835
-0.483126	-4.77835
-1.87692	9.37307
-1.87692	-9.37307
-4.14032	13.6076
-4.14032	-13.6076
-49.095	0
-48.6244	4.77835
-48.6244	-4.77835
-47.2306	9.37307
-47.2306	-9.37307
-44.9672	13.6076
-44.9672	-13.6076
-41.9212	17.3192
-41.9212	-17.3192
-38.2096	20.3652
-38.2096	-20.3652
-33.9751	22.6286
-33.9751	-22.6286
-29.3804	24.0224
-29.3804	-24.0224
-24.602	24.493
-24.602	-24.493
-19.8237	24.0224
-19.8237	-24.0224
-15.2289	22.6286
-15.2289	-22.6286
-10.9944	20.3652
-10.9944	-20.3652
-7.28284	17.3192
-7.28284	-17.3192
-0.109	0
-0.579626	4.77835
-0.579626	-4.77835
-1.97342	9.37307
-1.97342	-9.37307
-4.23682	13.6076
-4.23682	-13.6076
-50.336	0
-49.8654	4.77835
-49.8654	-4.77835
-48.4716	9.37307
-48.4716	-9.37307
-46.2082	13.6076
-46.2082	-13.6076
-43.1622	17.3192
-43.1622	-17.3192
-39.4506	20.3652
-39.4506	-20.3652
-35.2161	22.6286
-35.2161	-22.6286
-30.6214	24.0224
-30.6214	-24.0224
-25.843	24.493
-25.843	-24.493
-21.0647	24.0224
-21.0647	-24.0224
-16.4699	22.6286
-16.4699	-22.6286
-12.2354	20.3652
-12.2354	-20.3652
-8.52384	17.3192
-8.52384	-17.3192
-1.35	0
-1.82063	4.77835
-1.82063	-4.77835
-3.21442	9.37307
-3.21442	-9.37307
-5.47782	13.6076
-5.47782	-13.6076
-49.303	0
-48.8324	4.77835
-48.8324	-4.77835
-47.4386	9.37307
-47.4386	-9.37307
-45.1752	13.6076
-45.1752	-13.6076
-42.1292	17.3192
-42.1292	-17.3192
-38.4176	20.3652
-38.4176	-20.3652
-34.1831	22.6286
-34.1831	-22.6286
-29.5884	24.0224
-29.5884	-24.0224
-24.81	24.493
-24.81	-24.493
-20.0317	24.0224
-20.0317	-24.0224
-15.4369	22.6286
-15.4369	-22.6286
-11.2024	20.3652
-11.2024	-20.3652
-7.49084	17.3192
-7.49084	-17.3192
-0.317	0
-0.787626	4.77835
-0.787626	-4.77835
-2.18142	9.37307
-2.18142	-9.37307
-4.44482	13.6076
-4.44482	-13.6076
-49.0178	0
-48.5472	4.77835
-48.5472	-4.77835
-47.1534	9.37307
-47.1534	-9.37307
-44.89	13.6076
-44.89	-13.6076
-41.844	17.3192
-41.844	-17.3192
-38.1324	20.3652
-38.1324	-20.3652
-33.8979	22.6286
-33.8979	-22.6286
-29.3032	24.0224
-29.3032	-24.0224
-24.5248	24.493
-24.5248	-24.493
-19.7465	24.0224
-19.7465	-24.0224
-15.1517	22.6286
-15.1517	-22.6286
-10.9172	20.3652
-10.9172	-20.3652
-7.20564	17.3192
-7.20564	-17.3192
-0.0318	0
-0.502426	4.77835
-0.502426	-4.77835
-1.89622	9.37307
-1.89622	-9.37307
-4.15962	13.6076
-4.15962	-13.6076
-57.626	0
-57.1554	4.77835
-57.1554	-4.77835
-55.7616	9.37307
-55.7616	-9.37307
-53.4982	13.6076
-53.4982	-13.6076
-50.4522	17.3192
-50.4522	-17.3192
-46.7406	20.3652
-46.7406	-20.3652
-42.5061	22.6286
-42.5061	-22.6286
-37.9114	24.0224
-37.9114	-24.0224
-33.133	24.493
-33.133	-24.493
-28.3547	24.0224
-28.3547	-24.0224
-23.7599	22.6286
-23.7599	-22.6286
-19.5254	20.3652
-19.5254	-20.3652
-15.8138	17.3192
-15.8138	-17.3192
-8.64	0
-9.11063	4.77835
-9.11063	-4.77835
-10.5044	9.37307
-10.5044	-9.37307
-12.7678	13.6076
-12.7678	-13.6076
-51.5106	0
-51.0159	5.02339
-51.0159	-5.02339
-49.5506	9.85374
-49.5506	-9.85374
-47.1711	14.3054
-47.1711	-14.3054
-43.9689	18.2073
-43.9689	-18.2073
-40.067	21.4096
-40.067	-21.4096
-35.6153	23.789
-35.6153	-23.789
-30.785	25.2543
-30.785	-25.2543
-25.7616	25.7491
-25.7616	-25.7491
-20.7382	25.2543
-20.7382	-25.2543
-15.9078	23.789
-15.9078	-23.789
-11.4561	21.4096
-11.4561	-21.4096
-7.55422	18.2073
-7.55422	-18.2073
-0.0125	0
-0.507261	5.02339
-0.507261	-5.02339
-1.97253	9.85374
-1.97253	-9.85374
-4.352	14.3054
-4.352	-14.3054
-51.6071	0
-51.1124	5.02339
-51.1124	-5.02339
-49.6471	9.85374
-49.6471	-9.85374
-47.2676	14.3054
-47.2676	-14.3054
-44.0654	18.2073
-44.0654	-18.2073
-40.1635	21.4096
-40.1635	-21.4096
-35.7118	23.789
-35.7118	-23.789
-30.8815	25.2543
-30.8815	-25.2543
-25.8581	25.7491
-25.8581	-25.7491
-20.8347	25.2543
-20.8347	-25.2543
-16.0043	23.789
-16.0043	-23.789
-11.5526	21.4096
-11.5526	-21.4096
-7.65072	18.2073
-7.65072	-18.2073
-0.109	0
-0.603761	5.02339
-0.603761	-5.02339
-2.06903	9.85374
-2.06903	-9.85374
-4.4485	14.3054
-4.4485	-14.3054
-52.8481	0
-52.3534	5.02339
-52.3534	-5.02339
-50.8881	9.85374
-50.8881	-9.85374
-48.5086	14.3054
-48.5086	-14.3054
-45.3064	18.2073
-45.3064	-18.2073
-41.4045	21.4096
-41.4045	-21.4096
-36.9528	23.789
-36.9528	-23.789
-32.1225	25.2543
-32.1225	-25.2543
-27.0991	25.7491
-27.0991	-25.7491
-22.0757	25.2543
-22.0757	-25.2543
-17.2453	23.789
-17.2453	-23.789
-12.7936	21.4096
-12.7936	-21.4096
-8.89172	18.2073
-8.89172	-18.2073
-1.35	0
-1.84476	5.02339
-1.84476	-5.02339
-3.31003	9.85374
-3.31003	-9.85374
-5.6895	14.3054
-5.6895	-14.3054
-51.8151	0
-51.3204	5.02339
-51.3204	-5.02339
-49.8551	9.85374
-49.8551	-9.85374
-47.4756	14.3054
-47.4756	-14.3054
-44.2734	18.2073
-44.2734	-18.2073
-40.3715	21.4096
-40.3715	-21.4096
-35.9198	23.789
-35.9198	-23.789
-31.0895	25.2543
-31.0895	-25.2543
-26.0661	25.7491
-26.0661	-25.7491
-21.0427	25.2543
-21.0427	-25.2543
-16.2123	23.789
-16.2123	-23.789
-11.7606	21.4096
-11.7606	-21.4096
-7.85872	18.2073
-7.85872	-18.2073
-0.317	0
-0.811761	5.02339
-0.811761	-5.02339
-2.27703	9.85374
-2.27703	-9.85374
-4.6565	14.3054
-4.6565	-14.3054
-51.5299	0
-51.0352	5.02339
-51.0352	-5.02339
-49.5699	9.85374
-49.5699	-9.85374
-47.1904	14.3054
-47.1904	-14.3054
-43.9882	18.2073
-43.9882	-18.2073
-40.0863	21.4096
-40.0863	-21.4096
-35.6346	23.789
-35.6346	-23.789
-30.8043	25.2543
-30.8043	-25.2543
-25.7809	25.7491
-25.7809	-25.7491
-20.7575	25.2543
-20.7575	-25.2543
-15.9271	23.789
-15.9271	-23.789
-11.4754	21.4096
-11.4754	-21.4096
-7.57352	18.2073
-7.57352	-18.2073
-0.0318	0
-0.526561	5.02339
-0.526561	-5.02339
-1.99183	9.85374
-1.99183	-9.85374
-4.3713	14.3054
-4.3713	-14.3054
-60.1381	0
-59.6434	5.02339
-59.6434	-5.02339
-58.1781	9.85374
-58.1781	-9.85374
-55.7986	14.3054
-55.7986	-14.3054
-52.5964	18.2073
-52.5964	-18.2073
-48.6945	21.4096
-48.6945	-21.4096
-44.2428	23.789
-44.2428	-23.789
-39.4125	25.2543
-39.4125	-25.2543
-34.3891	25.7491
-34.3891	-25.7491
-29.3657	25.2543
-29.3657	-25.2543
-24.5353	23.789
-24.5353	-23.789
-20.0836	21.4096
-20.0836	-21.4096
-16.1817	18.2073
-16.1817	-18.2073
-8.64	0
-9.13476	5.02339
-9.13476	-5.02339
-10.6	9.85374
-10.6	-9.85374
-12.9795	14.3054
-12.9795	-14.3054
-46.9051	0
-46.4546	4.57415
-46.4546	-4.57415
-45.1204	8.97251
-45.1204	-8.97251
-42.9537	13.0261
-42.9537	-13.0261
-40.0378	16.579
-40.0378	-16.579
-36.4849	19.4949
-36.4849	-19.4949
-32.4313	21.6616
-32.4313	-21.6616
-28.0329	22.9958
-28.0329	-22.9958
-23.4588	23.4463
-23.4588	-23.4463
-18.8847	22.9958
-18.8847	-22.9958
-14.4863	21.6616
-14.4863	-21.6616
-10.4327	19.4949
-10.4327	-19.4949
-6.87976	16.579
-6.87976	-16.579
-0.0125	0
-0.463014	4.57415
-0.463014	-4.57415
-1.79724	8.97251
-1.79724	-8.97251
-3.96391	13.0261
-3.96391	-13.0261
-47.0016	0
-46.5511	4.57415
-46.5511	-4.57415
-45.2169	8.97251
-45.2169	-8.97251
-43.0502	13.0261
-43.0502	-13.0261
-40.1343	16.579
-40.1343	-16.579
-36.5814	19.4949
-36.5814	-19.4949
-32.5278	21.6616
-32.5278	-21.6616
-28.1294	22.9958
-28.1294	-22.9958
-23.5553	23.4463
-23.5553	-23.4463
-18.9812	22.9958
-18.9812	-22.9958
-14.5828	21.6616
-14.5828	-21.6616
-10.5292	19.4949
-10.5292	-19.4949
-6.97626	16.579
-6.97626	-16.579
-0.109	0
-0.559514	4.57415
-0.559514	-4.57415
-1.89374	8.97251
-1.89374	-8.97251
-4.06041	13.0261
-4.06041	-13.0261
-48.2426	0
-47.7921	4.57415
-47.7921	-4.57415
-46.4579	8.97251
-46.4579	-8.97251
-44.2912	13.0261
-44.2912	-13.0261
-41.3753	16.579
-41.3753	-16.579
-37.8224	19.4949
-37.8224	-19.4949
-33.7688	21.6616
-33.7688	-21.6616
-29.3704	22.9958
-29.3704	-22.9958
-24.7963	23.4463
-24.7963	-23.4463
-20.2222	22.9958
-20.2222	-22.9958
-15.8238	21.6616
-15.8238	-21.6616
-11.7702	19.4949
-11.7702	-19.4949
-8.21726	16.579
-8.21726	-16.579
-1.35	0
-1.80051	4.57415
-1.80051	-4.57415
-3.13474	8.97251
-3.13474	-8.97251
-5.30141	13.0261
-5.30141	-13.0261
-47.2096	0
-46.7591	4.57415
-46.7591	-4.57415
-45.4249	8.97251
-45.4249	-8.97251
-43.2582	13.0261
-43.2582	-13.0261
-40.3423	16.579
-40.3423	-16.579
-36.7894	19.4949
-36.7894	-19.4949
-32.7358	21.6616
-32.7358	-21.6616
-28.3374	22.9958
-28.3374	-22.9958
-23.7633	23.4463
-23.7633	-23.4463
-19.1892	22.9958
-19.1892	-22.9958
-14.7908	21.6616
-14.7908	-21.6616
-10.7372	19.4949
-10.7372	-19.4949
-7.18426	16.579
-7.18426	-16.579
-0.317	0
-0.767514	4.57415
-0.767514	-4.57415
-2.10174	8.97251
-2.10174	-8.97251
-4.26841	13.0261
-4.26841	-13.0261
-46.9244	0
-46.4739	4.57415
-46.4739	-4.57415
-45.1397	8.97251
-45.1397	-8.97251
-42.973	13.0261
-42.973	-13.0261
-40.0571	16.579
-40.0571	-16.579
-36.5042	19.4949
-36.5042	-19.4949
-32.4506	21.6616
-32.4506	-21.6616
-28.0522	22.9958
-28.0522	-22.9958
-23.4781	23.4463
-23.4781	-23.4463
-18.904	22.9958
-18.904	-22.9958
-14.5056	21.6616
-14.5056	-21.6616
-10.452	19.4949
-10.452	-19.4949
-6.89906	16.579
-6.89906	-16.579
-0.0318	0
-0.482314	4.57415
-0.482314	-4.57415
-1.81654	8.97251
-1.81654	-8.97251
-3.98321	13.0261
-3.98321	-13.0261
-55.5326	0
-55.0821	4.57415
-55.0821	-4.57415
-53.7479	8.97251
-53.7479	-8.97251
-51.5812	13.0261
-51.5812	-13.0261
-48.6653	16.579
-48.6653	-16.579
-45.1124	19.4949
-45.1124	-19.4949
-41.0588	21.6616
-41.0588	-21.6616
-36.6604	22.9958
-36.6604	-22.9958
-32.0863	23.4463
-32.0863	-23.4463
-27.5122	22.9958
-27.5122	-22.9958
-23.1138	21.6616
-23.1138	-21.6616
-19.0602	19.4949
-19.0602	-19.4949
-15.5073	16.579
-15.5073	-16.579
-8.64	0
-9.09051	4.57415
-9.09051	-4.57415
-10.4247	8.97251
-10.4247	-8.97251
-12.5914	13.0261
-12.5914	-13.0261
-43.9743	0
-43.5519	4.28826
-43.5519	-4.28826
-42.3011	8.41173
-42.3011	-8.41173
-40.2699	12.2119
-40.2699	-12.2119
-37.5362	15.5428
-37.5362	-15.5428
-34.2053	18.2765
-34.2053	-18.2765
-30.4051	20.3077
-30.4051	-20.3077
-26.2817	21.5585
-26.2817	-21.5585
-21.9934	21.9809
-21.9934	-21.9809
-17.7051	21.5585
-17.7051	-21.5585
-13.5817	20.3077
-13.5817	-20.3077
-9.78147	18.2765
-9.78147	-18.2765
-6.45056	15.5428
-6.45056	-15.5428
-0.0125	0
-0.434857	4.28826
-0.434857	-4.28826
-1.6857	8.41173
-1.6857	-8.41173
-3.71695	12.2119
-3.71695	-12.2119
-44.0708	0
-43.6484	4.28826
-43.6484	-4.28826
-42.3976	8.41173
-42.3976	-8.41173
-40.3664	12.2119
-40.3664	-12.2119
-37.6327	15.5428
-37.6327	-15.5428
-34.3018	18.2765
-34.3018	-18.2765
-30.5016	20.3077
-30.5016	-20.3077
-26.3782	21.5585
-26.3782	-21.5585
-22.0899	21.9809
-22.0899	-21.9809
-17.8016	21.5585
-17.8016	-21.5585
-13.6782	20.3077
-13.6782	-20.3077
-9.87797	18.2765
-9.87797	-18.2765
-6.54706	15.5428
-6.54706	-15.5428
-0.109	0
-0.531357	4.28826
-0.531357	-4.28826
-1.7822	8.41173
-1.7822	-8.41173
-3.81345	12.2119
-3.81345	-12.2119
-45.3118	0
-44.8894	4.28826
-44.8894	-4.28826
-43.6386	8.41173
-43.6386	-8.41173
-41.6074	12.2119
-41.6074	-12.2119
-38.8737	15.5428
-38.8737	-15.5428
-35.5428	18.2765
-35.5428	-18.2765
-31.7426	20.3077
-31.7426	-20.3077
-27.6192	21.5585
-27.6192	-21.5585
-23.3309	21.9809
-23.3309	-21.9809
-19.0426	21.5585
-19.0426	-21.5585
-14.9192	20.3077
-14.9192	-20.3077
-11.119	18.2765
-11.119	-18.2765
-7.78806	15.5428
-7.78806	-15.5428
-1.35	0
-1.77236	4.28826
-1.77236	-4.28826
-3.0232	8.41173
-3.0232	-8.41173
-5.05445	12.2119
-5.05445	-12.2119
-44.2788	0
-43.8564	4.28826
-43.8564	-4.28826
-42.6056	8.41173
-42.6056	-8.41173
-40.5744	12.2119
-40.5744	-12.2119
-37.8407	15.5428
-37.8407	-15.5428
-34.5098	18.2765
-34.5098	-18.2765
-30.7096	20.3077
-30.7096	-20.3077
-26.5862	21.5585
-26.5862	-21.5585
-22.2979	21.9809
-22.2979	-21.9809
-18.0096	21.5585
-18.0096	-21.5585
-13.8862	20.3077
-13.8862	-20.3077
-10.086	18.2765
-10.086	-18.2765
-6.75506	15.5428
-6.75506	-15.5428
-0.317	0
-0.739357	4.28826
-0.739357	-4.28826
-1.9902	8.41173
-1.9902	-8.41173
-4.02145	12.2119
-4.02145	-12.2119
-43.9936	0
-43.5712	4.28826
-43.5712	-4.28826
-42.3204	8.41173
-42.3204	-8.41173
-40.2892	12.2119
-40.2892	-12.2119
-37.5555	15.5428
-37.5555	-15.5428
-34.2246	18.2765
-34.2246	-18.2765
-30.4244	20.3077
-30.4244	-20.3077
-26.301	21.5585
-26.301	-21.5585
-22.0127	21.9809
-22.0127	-21.9809
-17.7244	21.5585
-17.7244	-21.5585
-13.601	20.3077
-13.601	-20.3077
-9.80077	18.2765
-9.80077	-18.2765
-6.46986	15.5428
-6.46986	-15.5428
-0.0318	0
-0.454157	4.28826
-0.454157	-4.28826
-1.705	8.41173
-1.705	-8.41173
-3.73625	12.2119
-3.73625	-12.2119
-52.6018	0
-52.1794	4.28826
-52.1794	-4.28826
-50.9286	8.41173
-50.9286	-8.41173
-48.8974	12.2119
-48.8974	-12.2119
-46.1637	15.5428
-46.1637	-15.5428
-42.8328	18.2765
-42.8328	-18.2765
-39.0326	20.3077
-39.0326	-20.3077
-34.9092	21.5585
-34.9092	-21.5585
-30.6209	21.9809
-30.6209	-21.9809
-26.3326	21.5585
-26.3326	-21.5585
-22.2092	20.3077
-22.2092	-20.3077
-18.409	18.2765
-18.409	-18.2765
-15.0781	15.5428
-15.0781	-15.5428
-8.64	0
-9.06236	4.28826
-9.06236	-4.28826
-10.3132	8.41173
-10.3132	-8.41173
-12.3445	12.2119
-12.3445	-12.2119
-42.9276	0
-42.5153	4.18616
-42.5153	-4.18616
-41.2942	8.21145
-41.2942	-8.21145
-39.3113	11.9212
-39.3113	-11.9212
-36.6428	15.1728
-36.6428	-15.1728
-33.3912	17.8413
-33.3912	-17.8413
-29.6815	19.8242
-29.6815	-19.8242
-25.6562	21.0452
-25.6562	-21.0452
-21.47	21.4575
-21.47	-21.4575
-17.2839	21.0452
-17.2839	-21.0452
-13.2586	19.8242
-13.2586	-19.8242
-9.54887	17.8413
-9.54887	-17.8413
-6.29727	15.1728
-6.29727	-15.1728
-0.0125	0
-0.424801	4.18616
-0.424801	-4.18616
-1.64586	8.21145
-1.64586	-8.21145
-3.62875	11.9212
-3.62875	-11.9212
-43.0241	0
-42.6118	4.18616
-42.6118	-4.18616
-41.3907	8.21145
-41.3907	-8.21145
-39.4078	11.9212
-39.4078	-11.9212
-36.7393	15.1728
-36.7393	-15.1728
-33.4877	17.8413
-33.4877	-17.8413
-29.778	19.8242
-29.778	-19.8242
-25.7527	21.0452
-25.7527	-21.0452
-21.5665	21.4575
-21.5665	-21.4575
-17.3804	21.0452
-17.3804	-21.0452
-13.3551	19.8242
-13.3551	-19.8242
-9.64537	17.8413
-9.64537	-17.8413
-6.39377	15.1728
-6.39377	-15.1728
-0.109	0
-0.521301	4.18616
-0.521301	-4.18616
-1.74236	8.21145
-1.74236	-8.21145
-3.72525	11.9212
-3.72525	-11.9212
-44.2651	0
-43.8528	4.18616
-43.8528	-4.18616
-42.6317	8.21145
-42.6317	-8.21145
-40.6488	11.9212
-40.6488	-11.9212
-37.9803	15.1728
-37.9803	-15.1728
-34.7287	17.8413
-34.7287	-17.8413
-31.019	19.8242
-31.019	-19.8242
-26.9937	21.0452
-26.9937	-21.0452
-22.8075	21.4575
-22.8075	-21.4575
-18.6214	21.0452
-18.6214	-21.0452
-14.5961	19.8242
-14.5961	-19.8242
-10.8864	17.8413
-10.8864	-17.8413
-7.63477	15.1728
-7.63477	-15.1728
-1.35	0
-1.7623	4.18616
-1.7623	-4.18616
-2.98336	8.21145
-2.98336	-8.21145
-4.96625	11.9212
-4.96625	-11.9212
-43.2321	0
-42.8198	4.18616
-42.8198	-4.18616
-41.5987	8.21145
-41.5987	-8.21145
-39.6158	11.9212
-39.6158	-11.9212
-36.9473	15.1728
-36.9473	-15.1728
-33.6957	17.8413
-33.6957	-17.8413
-29.986	19.8242
-29.986	-19.8242
-25.9607	21.0452
-25.9607	-21.0452
-21.7745	21.4575
-21.7745	-21.4575
-17.5884	21.0452
-17.5884	-21.0452
-13.5631	19.8242
-13.5631	-19.8242
-9.85337	17.8413
-9.85337	-17.8413
-6.60177	15.1728
-6.60177	-15.1728
-0.317	0
-0.729301	4.18616
-0.729301	-4.18616
-1.95036	8.21145
-1.95036	-8.21145
-3.93325	11.9212
-3.93325	-11.9212
-42.9469	0
-42.5346	4.18616
-42.5346	-4.18616
-41.3135	8.21145
-41.3135	-8.21145
-39.3306	11.9212
-39.3306	-11.9212
-36.6621	15.1728
-36.6621	-15.1728
-33.4105	17.8413
-33.4105	-17.8413
-29.7008	19.8242
-29.7008	-19.8242
-25.6755	21.0452
-25.6755	-21.0452
-21.4893	21.4575
-21.4893	-21.4575
-17.3032	21.0452
-17.3032	-21.0452
-13.2779	19.8242
-13.2779	-19.8242
-9.56817	17.8413
-9.56817	-17.8413
-6.31657	15.1728
-6.31657	-15.1728
-0.0318	0
-0.444101	4.18616
-0.444101	-4.18616
-1.66516	8.21145
-1.66516	-8.21145
-3.64805	11.9212
-3.64805	-11.9212
-51.5551	0
-51.1428	4.18616
-51.1428	-4.18616
-49.9217	8.21145
-49.9217	-8.21145
-47.9388	11.9212
-47.9388	-11.9212
-45.2703	15.1728
-45.2703	-15.1728
-42.0187	17.8413
-42.0187	-17.8413
-38.309	19.8242
-38.309	-19.8242
-34.2837	21.0452
-34.2837	-21.0452
-30.0975	21.4575
-30.0975	-21.4575
-25.9114	21.0452
-25.9114	-21.0452
-21.8861	19.8242
-21.8861	-19.8242
-18.1764	17.8413
-18.1764	-17.8413
-14.9248	15.1728
-14.9248	-15.1728
-8.64	0
-9.0523	4.18616
-9.0523	-4.18616
-10.2734	8.21145
-10.2734	-8.21145
-12.2562	11.9212
-12.2562	-11.9212
-40.8342	0
-40.442	3.98196
-40.442	-3.98196
-39.2805	7.81089
-39.2805	-7.81089
-37.3943	11.3397
-37.3943	-11.3397
-34.856	14.4326
-34.856	-14.4326
-31.763	16.971
-31.763	-16.971
-28.2342	18.8572
-28.2342	-18.8572
-24.4053	20.0187
-24.4053	-20.0187
-20.4233	20.4108
-20.4233	-20.4108
-16.4414	20.0187
-16.4414	-20.0187
-12.6124	18.8572
-12.6124	-18.8572
-9.08368	16.971
-9.08368	-16.971
-5.9907	14.4326
-5.9907	-14.4326
-0.0125	0
-0.404689	3.98196
-0.404689	-3.98196
-1.56618	7.81089
-1.56618	-7.81089
-3.45235	11.3397
-3.45235	-11.3397
-40.9307	0
-40.5385	3.98196
-40.5385	-3.98196
-39.377	7.81089
-39.377	-7.81089
-37.4908	11.3397
-37.4908	-11.3397
-34.9525	14.4326
-34.9525	-14.4326
-31.8595	16.971
-31.8595	-16.971
-28.3307	18.8572
-28.3307	-18.8572
-24.5018	20.0187
-24.5018	-20.0187
-20.5198	20.4108
-20.5198	-20.4108
-16.5379	20.0187
-16.5379	-20.0187
-12.7089	18.8572
-12.7089	-18.8572
-9.18018	16.971
-9.18018	-16.971
-6.0872	14.4326
-6.0872	-14.4326
-0.109	0
-0.501189	3.98196
-0.501189	-3.98196
-1.66268	7.81089
-1.66268	-7.81089
-3.54885	11.3397
-3.54885	-11.3397
-42.1717	0
-41.7795	3.98196
-41.7795	-3.98196
-40.618	7.81089
-40.618	-7.81089
-38.7318	11.3397
-38.7318	-11.3397
-36.1935	14.4326
-36.1935	-14.4326
-33.1005	16.971
-33.1005	-16.971
-29.5717	18.8572
-29.5717	-18.8572
-25.7428	20.0187
-25.7428	-20.0187
-21.7608	20.4108
-21.7608	-20.4108
-17.7789	20.0187
-17.7789	-20.0187
-13.9499	18.8572
-13.9499	-18.8572
-10.4212	16.971
-10.4212	-16.971
-7.3282	14.4326
-7.3282	-14.4326
-1.35	0
-1.74219	3.98196
-1.74219	-3.98196
-2.90368	7.81089
-2.90368	-7.81089
-4.78985	11.3397
-4.78985	-11.3397
-41.1387	0
-40.7465	3.98196
-40.7465	-3.98196
-39.585	7.81089
-39.585	-7.81089
-37.6988	11.3397
-37.6988	-11.3397
-35.1605	14.4326
-35.1605	-14.4326
-32.0675	16.971
-32.0675	-16.971
-28.5387	18.8572
-28.5387	-18.8572
-24.7098	20.0187
-24.7098	-20.0187
-20.7278	20.4108
-20.7278	-20.4108
-16.7459	20.0187
-16.7459	-20.0187
-12.9169	18.8572
-12.9169	-18.8572
-9.38818	16.971
-9.38818	-16.971
-6.2952	14.4326
-6.2952	-14.4326
-0.317	0
-0.709189	3.98196
-0.709189	-3.98196
-1.87068	7.81089
-1.87068	-7.81089
-3.75685	11.3397
-3.75685	-11.3397
-40.8535	0
-40.4613	3.98196
-40.4613	-3.98196
-39.2998	7.81089
-39.2998	-7.81089
-37.4136	11.3397
-37.4136	-11.3397
-34.8753	14.4326
-34.8753	-14.4326
-31.7823	16.971
-31.7823	-16.971
-28.2535	18.8572
-28.2535	-18.8572
-24.4246	20.0187
-24.4246	-20.0187
-20.4426	20.4108
-20.4426	-20.4108
-16.4607	20.0187
-16.4607	-20.0187
-12.6317	18.8572
-12.6317	-18.8572
-9.10298	16.971
-9.10298	-16.971
-6.01	14.4326
-6.01	-14.4326
-0.0318	0
-0.423989	3.98196
-0.423989	-3.98196
-1.58548	7.81089
-1.58548	-7.81089
-3.47165	11.3397
-3.47165	-11.3397
-49.4617	0
-49.0695	3.98196
-49.0695	-3.98196
-47.908	7.81089
-47.908	-7.81089
-46.0218	11.3397
-46.0218	-11.3397
-43.4835	14.4326
-43.4835	-14.4326
-40.3905	16.971
-40.3905	-16.971
-36.8617	18.8572
-36.8617	-18.8572
-33.0328	20.0187
-33.0328	-20.0187
-29.0508	20.4108
-29.0508	-20.4108
-25.0689	20.0187
-25.0689	-20.0187
-21.2399	18.8572
-21.2399	-18.8572
-17.7112	16.971
-17.7112	-16.971
-14.6182	14.4326
-14.6182	-14.4326
-8.64	0
-9.03219	3.98196
-9.03219	-3.98196
-10.1937	7.81089
-10.1937	-7.81089
-12.0798	11.3397
-12.0798	-11.3397
-40.4155	0
-40.0273	3.94112
-40.0273	-3.94112
-38.8777	7.73078
-38.8777	-7.73078
-37.0109	11.2234
-37.0109	-11.2234
-34.4986	14.2846
-34.4986	-14.2846
-31.4373	16.7969
-31.4373	-16.7969
-27.9448	18.6637
-27.9448	-18.6637
-24.1551	19.8133
-24.1551	-19.8133
-20.214	20.2015
-20.214	-20.2015
-16.2729	19.8133
-16.2729	-19.8133
-12.4832	18.6637
-12.4832	-18.6637
-8.99065	16.7969
-8.99065	-16.7969
-5.92938	14.2846
-5.92938	-14.2846
-0.0125	0
-0.400666	3.94112
-0.400666	-3.94112
-1.55025	7.73078
-1.55025	-7.73078
-3.41707	11.2234
-3.41707	-11.2234
-40.512	0
-40.1238	3.94112
-40.1238	-3.94112
-38.9742	7.73078
-38.9742	-7.73078
-37.1074	11.2234
-37.1074	-11.2234
-34.5951	14.2846
-34.5951	-14.2846
-31.5338	16.7969
-31.5338	-16.7969
-28.0413	18.6637
-28.0413	-18.6637
-24.2516	19.8133
-24.2516	-19.8133
-20.3105	20.2015
-20.3105	-20.2015
-16.3694	19.8133
-16.3694	-19.8133
-12.5797	18.6637
-12.5797	-18.6637
-9.08715	16.7969
-9.08715	-16.7969
-6.02588	14.2846
-6.02588	-14.2846
-0.109	0
-0.497166	3.94112
-0.497166	-3.94112
-1.64675	7.73078
-1.64675	-7.73078
-3.51357	11.2234
-3.51357	-11.2234
-41.753	0
-41.3648	3.94112
-41.3648	-3.94112
-40.2152	7.73078
-40.2152	-7.73078
-38.3484	11.2234
-38.3484	-11.2234
-35.8361	14.2846
-35.8361	-14.2846
-32.7748	16.7969
-32.7748	-16.7969
-29.2823	18.6637
-29.2823	-18.6637
-25.4926	19.8133
-25.4926	-19.8133
-21.5515	20.2015
-21.5515	-20.2015
-17.6104	19.8133
-17.6104	-19.8133
-13.8207	18.6637
-13.8207	-18.6637
-10.3281	16.7969
-10.3281	-16.7969
-7.26688	14.2846
-7.26688	-14.2846
-1.35	0
-1.73817	3.94112
-1.73817	-3.94112
-2.88775	7.73078
-2.88775	-7.73078
-4.75457	11.2234
-4.75457	-11.2234
-40.72	0
-40.3318	3.94112
-40.3318	-3.94112
-39.1822	7.73078
-39.1822	-7.73078
-37.3154	11.2234
-37.3154	-11.2234
-34.8031	14.2846
-34.8031	-14.2846
-31.7418	16.7969
-31.7418	-16.7969
-28.2493	18.6637
-28.2493	-18.6637
-24.4596	19.8133
-24.4596	-19.8133
-20.5185	20.2015
-20.5185	-20.2015
-16.5774	19.8133
-16.5774	-19.8133
-12.7877	18.6637
-12.7877	-18.6637
-9.29515	16.7969
-9.29515	-16.7969
-6.23388	14.2846
-6.23388	-14.2846
-0.317	0
-0.705166	3.94112
-0.705166	-3.94112
-1.85475	7.73078
-1.85475	-7.73078
-3.72157	11.2234
-3.72157	-11.2234
-40.4348	0
-40.0466	3.94112
-40.0466	-3.94112
-38.897	7.73078
-38.897	-7.73078
-37.0302	11.2234
-37.0302	-11.2234
-34.5179	14.2846
-34.5179	-14.2846
-31.4566	16.7969
-31.4566	-16.7969
-27.9641	18.6637
-27.9641	-18.6637
-24.1744	19.8133
-24.1744	-19.8133
-20.2333	20.2015
-20.2333	-20.2015
-16.2922	19.8133
-16.2922	-19.8133
-12.5025	18.6637
-12.5025	-18.6637
-9.00995	16.7969
-9.00995	-16.7969
-5.94868	14.2846
-5.94868	-14.2846
-0.0318	0
-0.419966	3.94112
-0.419966	-3.94112
-1.56955	7.73078
-1.56955	-7.73078
-3.43637	11.2234
-3.43637	-11.2234
-49.043	0
-48.6548	3.94112
-48.6548	-3.94112
-47.5052	7.73078
-47.5052	-7.73078
-45.6384	11.2234
-45.6384	-11.2234
-43.1261	14.2846
-43.1261	-14.2846
-40.0648	16.7969
-40.0648	-16.7969
-36.5723	18.6637
-36.5723	-18.6637
-32.7826	19.8133
-32.7826	-19.8133
-28.8415	20.2015
-28.8415	-20.2015
-24.9004	19.8133
-24.9004	-19.8133
-21.1107	18.6637
-21.1107	-18.6637
-17.6181	16.7969
-17.6181	-16.7969
-14.5569	14.2846
-14.5569	-14.2846
-8.64	0
-9.02817	3.94112
-9.02817	-3.94112
-10.1777	7.73078
-10.1777	-7.73078
-12.0446	11.2234
-12.0446	-11.2234
-39.7875	0
-39.4053	3.87986
-39.4053	-3.87986
-38.2736	7.61061
-38.2736	-7.61061
-36.4358	11.0489
-36.4358	-11.0489
-33.9626	14.0626
-33.9626	-14.0626
-30.9489	16.5358
-30.9489	-16.5358
-27.5106	18.3736
-27.5106	-18.3736
-23.7798	19.5054
-23.7798	-19.5054
-19.9	19.8875
-19.9	-19.8875
-16.0201	19.5054
-16.0201	-19.5054
-12.2894	18.3736
-12.2894	-18.3736
-8.85109	16.5358
-8.85109	-16.5358
-5.83741	14.0626
-5.83741	-14.0626
-0.0125	0
-0.394632	3.87986
-0.394632	-3.87986
-1.52634	7.61061
-1.52634	-7.61061
-3.36415	11.0489
-3.36415	-11.0489
-39.884	0
-39.5018	3.87986
-39.5018	-3.87986
-38.3701	7.61061
-38.3701	-7.61061
-36.5323	11.0489
-36.5323	-11.0489
-34.0591	14.0626
-34.0591	-14.0626
-31.0454	16.5358
-31.0454	-16.5358
-27.6071	18.3736
-27.6071	-18.3736
-23.8763	19.5054
-23.8763	-19.5054
-19.9965	19.8875
-19.9965	-19.8875
-16.1166	19.5054
-16.1166	-19.5054
-12.3859	18.3736
-12.3859	-18.3736
-8.94759	16.5358
-8.94759	-16.5358
-5.93391	14.0626
-5.93391	-14.0626
-0.109	0
-0.491132	3.87986
-0.491132	-3.87986
-1.62284	7.61061
-1.62284	-7.61061
-3.46065	11.0489
-3.46065	-11.0489
-41.125	0
-40.7428	3.87986
-40.7428	-3.87986
-39.6111	7.61061
-39.6111	-7.61061
-37.7733	11.0489
-37.7733	-11.0489
-35.3001	14.0626
-35.3001	-14.0626
-32.2864	16.5358
-32.2864	-16.5358
-28.8481	18.3736
-28.8481	-18.3736
-25.1173	19.5054
-25.1173	-19.5054
-21.2375	19.8875
-21.2375	-19.8875
-17.3576	19.5054
-17.3576	-19.5054
-13.6269	18.3736
-13.6269	-18.3736
-10.1886	16.5358
-10.1886	-16.5358
-7.17491	14.0626
-7.17491	-14.0626
-1.35	0
-1.73213	3.87986
-1.73213	-3.87986
-2.86384	7.61061
-2.86384	-7.61061
-4.70165	11.0489
-4.70165	-11.0489
-40.092	0
-39.7098	3.87986
-39.7098	-3.87986
-38.5781	7.61061
-38.5781	-7.61061
-36.7403	11.0489
-36.7403	-11.0489
-34.2671	14.0626
-34.2671	-14.0626
-31.2534	16.5358
-31.2534	-16.5358
-27.8151	18.3736
-27.8151	-18.3736
-24.0843	19.5054
-24.0843	-19.5054
-20.2045	19.8875
-20.2045	-19.8875
-16.3246	19.5054
-16.3246	-19.5054
-12.5939	18.3736
-12.5939	-18.3736
-9.15559	16.5358
-9.15559	-16.5358
-6.14191	14.0626
-6.14191	-14.0626
-0.317	0
-0.699132	3.87986
-0.699132	-3.87986
-1.83084	7.61061
-1.83084	-7.61061
-3.66865	11.0489
-3.66865	-11.0489
-39.8068	0
-39.4246	3.87986
-39.4246	-3.87986
-38.2929	7.61061
-38.2929	-7.61061
-36.4551	11.0489
-36.4551	-11.0489
-33.9819	14.0626
-33.9819	-14.0626
-30.9682	16.5358
-30.9682	-16.5358
-27.5299	18.3736
-27.5299	-18.3736
-23.7991	19.5054
-23.7991	-19.5054
-19.9193	19.8875
-19.9193	-19.8875
-16.0394	19.5054
-16.0394	-19.5054
-12.3087	18.3736
-12.3087	-18.3736
-8.87039	16.5358
-8.87039	-16.5358
-5.85671	14.0626
-5.85671	-14.0626
-0.0318	0
-0.413932	3.87986
-0.413932	-3.87986
-1.54564	7.61061
-1.54564	-7.61061
-3.38345	11.0489
-3.38345	-11.0489
-48.415	0
-48.0328	3.87986
-48.0328	-3.87986
-46.9011	7.61061
-46.9011	-7.61061
-45.0633	11.0489
-45.0633	-11.0489
-42.5901	14.0626
-42.5901	-14.0626
-39.5764	16.5358
-39.5764	-16.5358
-36.1381	18.3736
-36.1381	-18.3736
-32.4073	19.5054
-32.4073	-19.5054
-28.5275	19.8875
-28.5275	-19.8875
-24.6476	19.5054
-24.6476	-19.5054
-20.9169	18.3736
-20.9169	-18.3736
-17.4786	16.5358
-17.4786	-16.5358
-14.4649	14.0626
-14.4649	-14.0626
-8.64	0
-9.02213	3.87986
-9.02213	-3.87986
-10.1538	7.61061
-10.1538	-7.61061
-11.9916	11.0489
-11.9916	-11.0489
-39.3688	0
-38.9907	3.83902
-38.9907	-3.83902
-37.8709	7.5305
-37.8709	-7.5305
-36.0524	10.9326
-36.0524	-10.9326
-33.6052	13.9145
-33.6052	-13.9145
-30.6232	16.3618
-30.6232	-16.3618
-27.2211	18.1802
-27.2211	-18.1802
-23.5297	19.3
-23.5297	-19.3
-19.6906	19.6781
-19.6906	-19.6781
-15.8516	19.3
-15.8516	-19.3
-12.1601	18.1802
-12.1601	-18.1802
-8.75805	16.3618
-8.75805	-16.3618
-5.77609	13.9145
-5.77609	-13.9145
-0.0125	0
-0.39061	3.83902
-0.39061	-3.83902
-1.51041	7.5305
-1.51041	-7.5305
-3.32886	10.9326
-3.32886	-10.9326
-39.4653	0
-39.0872	3.83902
-39.0872	-3.83902
-37.9674	7.5305
-37.9674	-7.5305
-36.1489	10.9326
-36.1489	-10.9326
-33.7017	13.9145
-33.7017	-13.9145
-30.7197	16.3618
-30.7197	-16.3618
-27.3176	18.1802
-27.3176	-18.1802
-23.6262	19.3
-23.6262	-19.3
-19.7871	19.6781
-19.7871	-19.6781
-15.9481	19.3
-15.9481	-19.3
-12.2566	18.1802
-12.2566	-18.1802
-8.85455	16.3618
-8.85455	-16.3618
-5.87259	13.9145
-5.87259	-13.9145
-0.109	0
-0.48711	3.83902
-0.48711	-3.83902
-1.60691	7.5305
-1.60691	-7.5305
-3.42536	10.9326
-3.42536	-10.9326
-40.7063	0
-40.3282	3.83902
-40.3282	-3.83902
-39.2084	7.5305
-39.2084	-7.5305
-37.3899	10.9326
-37.3899	-10.9326
-34.9427	13.9145
-34.9427	-13.9145
-31.9607	16.3618
-31.9607	-16.3618
-28.5586	18.1802
-28.5586	-18.1802
-24.8672	19.3
-24.8672	-19.3
-21.0281	19.6781
-21.0281	-19.6781
-17.1891	19.3
-17.1891	-19.3
-13.4976	18.1802
-13.4976	-18.1802
-10.0956	16.3618
-10.0956	-16.3618
-7.11359	13.9145
-7.11359	-13.9145
-1.35	0
-1.72811	3.83902
-1.72811	-3.83902
-2.84791	7.5305
-2.84791	-7.5305
-4.66636	10.9326
-4.66636	-10.9326
-39.6733	0
-39.2952	3.83902
-39.2952	-3.83902
-38.1754	7.5305
-38.1754	-7.5305
-36.3569	10.9326
-36.3569	-10.9326
-33.9097	13.9145
-33.9097	-13.9145
-30.9277	16.3618
-30.9277	-16.3618
-27.5256	18.1802
-27.5256	-18.1802
-23.8342	19.3
-23.8342	-19.3
-19.9951	19.6781
-19.9951	-19.6781
-16.1561	19.3
-16.1561	-19.3
-12.4646	18.1802
-12.4646	-18.1802
-9.06255	16.3618
-9.06255	-16.3618
-6.08059	13.9145
-6.08059	-13.9145
-0.317	0
-0.69511	3.83902
-0.69511	-3.83902
-1.81491	7.5305
-1.81491	-7.5305
-3.63336	10.9326
-3.63336	-10.9326
-39.3881	0
-39.01	3.83902
-39.01	-3.83902
-37.8902	7.5305
-37.8902	-7.5305
-36.0717	10.9326
-36.0717	-10.9326
-33.6245	13.9145
-33.6245	-13.9145
-30.6425	16.3618
-30.6425	-16.3618
-27.2404	18.1802
-27.2404	-18.1802
-23.549	19.3
-23.549	-19.3
-19.7099	19.6781
-19.7099	-19.6781
-15.8709	19.3
-15.8709	-19.3
-12.1794	18.1802
-12.1794	-18.1802
-8.77735	16.3618
-8.77735	-16.3618
-5.79539	13.9145
-5.79539	-13.9145
-0.0318	0
-0.40991	3.83902
-0.40991	-3.83902
-1.52971	7.5305
-1.52971	-7.5305
-3.34816	10.9326
-3.34816	-10.9326
-47.9963	0
-47.6182	3.83902
-47.6182	-3.83902
-46.4984	7.5305
-46.4984	-7.5305
-44.6799	10.9326
-44.6799	-10.9326
-42.2327	13.9145
-42.2327	-13.9145
-39.2507	16.3618
-39.2507	-16.3618
-35.8486	18.1802
-35.8486	-18.1802
-32.1572	19.3
-32.1572	-19.3
-28.3181	19.6781
-28.3181	-19.6781
-24.4791	19.3
-24.4791	-19.3
-20.7876	18.1802
-20.7876	-18.1802
-17.3856	16.3618
-17.3856	-16.3618
-14.4036	13.9145
-14.4036	-13.9145
-8.64	0
-9.01811	3.83902
-9.01811	-3.83902
-10.1379	7.5305
-10.1379	-7.5305
-11.9564	10.9326
-11.9564	-10.9326
-39.1594	0
-38.7833	3.81859
-38.7833	-3.81859
-37.6695	7.49044
-37.6695	-7.49044
-35.8607	10.8744
-35.8607	-10.8744
-33.4265	13.8405
-33.4265	-13.8405
-30.4604	16.2747
-30.4604	-16.2747
-27.0764	18.0835
-27.0764	-18.0835
-23.4046	19.1974
-23.4046	-19.1974
-19.586	19.5735
-19.586	-19.5735
-15.7674	19.1974
-15.7674	-19.1974
-12.0955	18.0835
-12.0955	-18.0835
-8.71153	16.2747
-8.71153	-16.2747
-5.74544	13.8405
-5.74544	-13.8405
-0.0125	0
-0.388599	3.81859
-0.388599	-3.81859
-1.50244	7.49044
-1.50244	-7.49044
-3.31122	10.8744
-3.31122	-10.8744
-39.2559	0
-38.8798	3.81859
-38.8798	-3.81859
-37.766	7.49044
-37.766	-7.49044
-35.9572	10.8744
-35.9572	-10.8744
-33.523	13.8405
-33.523	-13.8405
-30.5569	16.2747
-30.5569	-16.2747
-27.1729	18.0835
-27.1729	-18.0835
-23.5011	19.1974
-23.5011	-19.1974
-19.6825	19.5735
-19.6825	-19.5735
-15.8639	19.1974
-15.8639	-19.1974
-12.192	18.0835
-12.192	-18.0835
-8.80803	16.2747
-8.80803	-16.2747
-5.84194	13.8405
-5.84194	-13.8405
-0.109	0
-0.485099	3.81859
-0.485099	-3.81859
-1.59894	7.49044
-1.59894	-7.49044
-3.40772	10.8744
-3.40772	-10.8744
-40.4969	0
-40.1208	3.81859
-40.1208	-3.81859
-39.007	7.49044
-39.007	-7.49044
-37.1982	10.8744
-37.1982	-10.8744
-34.764	13.8405
-34.764	-13.8405
-31.7979	16.2747
-31.7979	-16.2747
-28.4139	18.0835
-28.4139	-18.0835
-24.7421	19.1974
-24.7421	-19.1974
-20.9235	19.5735
-20.9235	-19.5735
-17.1049	19.1974
-17.1049	-19.1974
-13.433	18.0835
-13.433	-18.0835
-10.049	16.2747
-10.049	-16.2747
-7.08294	13.8405
-7.08294	-13.8405
-1.35	0
-1.7261	3.81859
-1.7261	-3.81859
-2.83994	7.49044
-2.83994	-7.49044
-4.64872	10.8744
-4.64872	-10.8744
-39.4639	0
-39.0878	3.81859
-39.0878	-3.81859
-37.974	7.49044
-37.974	-7.49044
-36.1652	10.8744
-36.1652	-10.8744
-33.731	13.8405
-33.731	-13.8405
-30.7649	16.2747
-30.7649	-16.2747
-27.3809	18.0835
-27.3809	-18.0835
-23.7091	19.1974
-23.7091	-19.1974
-19.8905	19.5735
-19.8905	-19.5735
-16.0719	19.1974
-16.0719	-19.1974
-12.4	18.0835
-12.4	-18.0835
-9.01603	16.2747
-9.01603	-16.2747
-6.04994	13.8405
-6.04994	-13.8405
-0.317	0
-0.693099	3.81859
-0.693099	-3.81859
-1.80694	7.49044
-1.80694	-7.49044
-3.61572	10.8744
-3.61572	-10.8744
-39.1787	0
-38.8026	3.81859
-38.8026	-3.81859
-37.6888	7.49044
-37.6888	-7.49044
-35.88	10.8744
-35.88	-10.8744
-33.4458	13.8405
-33.4458	-13.8405
-30.4797	16.2747
-30.4797	-16.2747
-27.0957	18.0835
-27.0957	-18.0835
-23.4239	19.1974
-23.4239	-19.1974
-19.6053	19.5735
-19.6053	-19.5735
-15.7867	19.1974
-15.7867	-19.1974
-12.1148	18.0835
-12.1148	-18.0835
-8.73083	16.2747
-8.73083	-16.2747
-5.76474	13.8405
-5.76474	-13.8405
-0.0318	0
-0.407899	3.81859
-0.407899	-3.81859
-1.52174	7.49044
-1.52174	-7.49044
-3.33052	10.8744
-3.33052	-10.8744
-47.7869	0
-47.4108	3.81859
-47.4108	-3.81859
-46.297	7.49044
-46.297	-7.49044
-44.4882	10.8744
-44.4882	-10.8744
-42.054	13.8405
-42.054	-13.8405
-39.0879	16.2747
-39.0879	-16.2747
-35.7039	18.0835
-35.7039	-18.0835
-32.0321	19.1974
-32.0321	-19.1974
-28.2135	19.5735
-28.2135	-19.5735
-24.3949	19.1974
-24.3949	-19.1974
-20.723	18.0835
-20.723	-18.0835
-17.339	16.2747
-17.339	-16.2747
-14.3729	13.8405
-14.3729	-13.8405
-8.64	0
-9.0161	3.81859
-9.0161	-3.81859
-10.1299	7.49044
-10.1299	-7.49044
-11.9387	10.8744
-11.9387	-10.8744
-38.9501	0
-38.576	3.79817
-38.576	-3.79817
-37.4681	7.45039
-37.4681	-7.45039
-35.669	10.8163
-35.669	-10.8163
-33.2478	13.7665
-33.2478	-13.7665
-30.2976	16.1877
-30.2976	-16.1877
-26.9317	17.9868
-26.9317	-17.9868
-23.2795	19.0947
-23.2795	-19.0947
-19.4813	19.4688
-19.4813	-19.4688
-15.6831	19.0947
-15.6831	-19.0947
-12.0309	17.9868
-12.0309	-17.9868
-8.66501	16.1877
-8.66501	-16.1877
-5.71478	13.7665
-5.71478	-13.7665
-0.0125	0
-0.386588	3.79817
-0.386588	-3.79817
-1.49447	7.45039
-1.49447	-7.45039
-3.29358	10.8163
-3.29358	-10.8163
-39.0466	0
-38.6725	3.79817
-38.6725	-3.79817
-37.5646	7.45039
-37.5646	-7.45039
-35.7655	10.8163
-35.7655	-10.8163
-33.3443	13.7665
-33.3443	-13.7665
-30.3941	16.1877
-30.3941	-16.1877
-27.0282	17.9868
-27.0282	-17.9868
-23.376	19.0947
-23.376	-19.0947
-19.5778	19.4688
-19.5778	-19.4688
-15.7796	19.0947
-15.7796	-19.0947
-12.1274	17.9868
-12.1274	-17.9868
-8.76151	16.1877
-8.76151	-16.1877
-5.81128	13.7665
-5.81128	-13.7665
-0.109	0
-0.483088	3.79817
-0.483088	-3.79817
-1.59097	7.45039
-1.59097	-7.45039
-3.39008	10.8163
-3.39008	-10.8163
-40.2876	0
-39.9135	3.79817
-39.9135	-3.79817
-38.8056	7.45039
-38.8056	-7.45039
-37.0065	10.8163
-37.0065	-10.8163
-34.5853	13.7665
-34.5853	-13.7665
-31.6351	16.1877
-31.6351	-16.1877
-28.2692	17.9868
-28.2692	-17.9868
-24.617	19.0947
-24.617	-19.0947
-20.8188	19.4688
-20.8188	-19.4688
-17.0206	19.0947
-17.0206	-19.0947
-13.3684	17.9868
-13.3684	-17.9868
-10.0025	16.1877
-10.0025	-16.1877
-7.05228	13.7665
-7.05228	-13.7665
-1.35	0
-1.72409	3.79817
-1.72409	-3.79817
-2.83197	7.45039
-2.83197	-7.45039
-4.63108	10.8163
-4.63108	-10.8163
-39.2546	0
-38.8805	3.79817
-38.8805	-3.79817
-37.7726	7.45039
-37.7726	-7.45039
-35.9735	10.8163
-35.9735	-10.8163
-33.5523	13.7665
-33.5523	-13.7665
-30.6021	16.1877
-30.6021	-16.1877
-27.2362	17.9868
-27.2362	-17.9868
-23.584	19.0947
-23.584	-19.0947
-19.7858	19.4688
-19.7858	-19.4688
-15.9876	19.0947
-15.9876	-19.0947
-12.3354	17.9868
-12.3354	-17.9868
-8.96951	16.1877
-8.96951	-16.1877
-6.01928	13.7665
-6.01928	-13.7665
-0.317	0
-0.691088	3.79817
-0.691088	-3.79817
-1.79897	7.45039
-1.79897	-7.45039
-3.59808	10.8163
-3.59808	-10.8163
-38.9694	0
-38.5953	3.79817
-38.5953	-3.79817
-37.4874	7.45039
-37.4874	-7.45039
-35.6883	10.8163
-35.6883	-10.8163
-33.2671	13.7665
-33.2671	-13.7665
-30.3169	16.1877
-30.3169	-16.1877
-26.951	17.9868
-26.951	-17.9868
-23.2988	19.0947
-23.2988	-19.0947
-19.5006	19.4688
-19.5006	-19.4688
-15.7024	19.0947
-15.7024	-19.0947
-12.0502	17.9868
-12.0502	-17.9868
-8.68431	16.1877
-8.68431	-16.1877
-5.73408	13.7665
-5.73408	-13.7665
-0.0318	0
-0.405888	3.79817
-0.405888	-3.79817
-1.51377	7.45039
-1.51377	-7.45039
-3.31288	10.8163
-3.31288	-10.8163
-47.5776	0
-47.2035	3.79817
-47.2035	-3.79817
-46.0956	7.45039
-46.0956	-7.45039
-44.2965	10.8163
-44.2965	-10.8163
-41.8753	13.7665
-41.8753	-13.7665
-38.9251	16.1877
-38.9251	-16.1877
-35.5592	17.9868
-35.5592	-17.9868
-31.907	19.0947
-31.907	-19.0947
-28.1088	19.4688
-28.1088	-19.4688
-24.3106	19.0947
-24.3106	-19.0947
-20.6584	17.9868
-20.6584	-17.9868
-17.2925	16.1877
-17.2925	-16.1877
-14.3423	13.7665
-14.3423	-13.7665
-8.64	0
-9.01409	3.79817
-9.01409	-3.79817
-10.122	7.45039
-10.122	-7.45039
-11.9211	10.8163
-11.9211	-10.8163
-38.7408	0
-38.3687	3.77775
-38.3687	-3.77775
-37.2668	7.41033
-37.2668	-7.41033
-35.4773	10.7581
-35.4773	-10.7581
-33.0691	13.6925
-33.0691	-13.6925
-30.1348	16.1007
-30.1348	-16.1007
-26.787	17.8901
-26.787	-17.8901
-23.1544	18.9921
-23.1544	-18.9921
-19.3766	19.3641
-19.3766	-19.3641
-15.5989	18.9921
-15.5989	-18.9921
-11.9663	17.8901
-11.9663	-17.8901
-8.6185	16.1007
-8.6185	-16.1007
-5.68412	13.6925
-5.68412	-13.6925
-0.0125	0
-0.384576	3.77775
-0.384576	-3.77775
-1.48651	7.41033
-1.48651	-7.41033
-3.27594	10.7581
-3.27594	-10.7581
-38.8373	0
-38.4652	3.77775
-38.4652	-3.77775
-37.3633	7.41033
-37.3633	-7.41033
-35.5738	10.7581
-35.5738	-10.7581
-33.1656	13.6925
-33.1656	-13.6925
-30.2313	16.1007
-30.2313	-16.1007
-26.8835	17.8901
-26.8835	-17.8901
-23.2509	18.9921
-23.2509	-18.9921
-19.4731	19.3641
-19.4731	-19.3641
-15.6954	18.9921
-15.6954	-18.9921
-12.0628	17.8901
-12.0628	-17.8901
-8.715	16.1007
-8.715	-16.1007
-5.78062	13.6925
-5.78062	-13.6925
-0.109	0
-0.481076	3.77775
-0.481076	-3.77775
-1.58301	7.41033
-1.58301	-7.41033
-3.37244	10.7581
-3.37244	-10.7581
-40.0783	0
-39.7062	3.77775
-39.7062	-3.77775
-38.6043	7.41033
-38.6043	-7.41033
-36.8148	10.7581
-36.8148	-10.7581
-34.4066	13.6925
-34.4066	-13.6925
-31.4723	16.1007
-31.4723	-16.1007
-28.1245	17.8901
-28.1245	-17.8901
-24.4919	18.9921
-24.4919	-18.9921
-20.7141	19.3641
-20.7141	-19.3641
-16.9364	18.9921
-16.9364	-18.9921
-13.3038	17.8901
-13.3038	-17.8901
-9.956	16.1007
-9.956	-16.1007
-7.02162	13.6925
-7.02162	-13.6925
-1.35	0
-1.72208	3.77775
-1.72208	-3.77775
-2.82401	7.41033
-2.82401	-7.41033
-4.61344	10.7581
-4.61344	-10.7581
-39.0453	0
-38.6732	3.77775
-38.6732	-3.77775
-37.5713	7.41033
-37.5713	-7.41033
-35.7818	10.7581
-35.7818	-10.7581
-33.3736	13.6925
-33.3736	-13.6925
-30.4393	16.1007
-30.4393	-16.1007
-27.0915	17.8901
-27.0915	-17.8901
-23.4589	18.9921
-23.4589	-18.9921
-19.6811	19.3641
-19.6811	-19.3641
-15.9034	18.9921
-15.9034	-18.9921
-12.2708	17.8901
-12.2708	-17.8901
-8.923	16.1007
-8.923	-16.1007
-5.98862	13.6925
-5.98862	-13.6925
-0.317	0
-0.689076	3.77775
-0.689076	-3.77775
-1.79101	7.41033
-1.79101	-7.41033
-3.58044	10.7581
-3.58044	-10.7581
-38.7601	0
-38.388	3.77775
-38.388	-3.77775
-37.2861	7.41033
-37.2861	-7.41033
-35.4966	10.7581
-35.4966	-10.7581
-33.0884	13.6925
-33.0884	-13.6925
-30.1541	16.1007
-30.1541	-16.1007
-26.8063	17.8901
-26.8063	-17.8901
-23.1737	18.9921
-23.1737	-18.9921
-19.3959	19.3641
-19.3959	-19.3641
-15.6182	18.9921
-15.6182	-18.9921
-11.9856	17.8901
-11.9856	-17.8901
-8.6378	16.1007
-8.6378	-16.1007
-5.70342	13.6925
-5.70342	-13.6925
-0.0318	0
-0.403876	3.77775
-0.403876	-3.77775
-1.50581	7.41033
-1.50581	-7.41033
-3.29524	10.7581
-3.29524	-10.7581
-47.3683	0
-46.9962	3.77775
-46.9962	-3.77775
-45.8943	7.41033
-45.8943	-7.41033
-44.1048	10.7581
-44.1048	-10.7581
-41.6966	13.6925
-41.6966	-13.6925
-38.7623	16.1007
-38.7623	-16.1007
-35.4145	17.8901
-35.4145	-17.8901
-31.7819	18.9921
-31.7819	-18.9921
-28.0041	19.3641
-28.0041	-19.3641
-24.2264	18.9921
-24.2264	-18.9921
-20.5938	17.8901
-20.5938	-17.8901
-17.246	16.1007
-17.246	-16.1007
-14.3116	13.6925
-14.3116	-13.6925
-8.64	0
-9.01208	3.77775
-9.01208	-3.77775
-10.114	7.41033
-10.114	-7.41033
-11.9034	10.7581
-11.9034	-10.7581
-38.5314	0
-38.1614	3.75733
-38.1614	-3.75733
-37.0654	7.37028
-37.0654	-7.37028
-35.2856	10.7
-35.2856	-10.7
-32.8905	13.6185
-32.8905	-13.6185
-29.9719	16.0137
-29.9719	-16.0137
-26.6422	17.7934
-26.6422	-17.7934
-23.0293	18.8894
-23.0293	-18.8894
-19.272	19.2595
-19.272	-19.2595
-15.5146	18.8894
-15.5146	-18.8894
-11.9017	17.7934
-11.9017	-17.7934
-8.57198	16.0137
-8.57198	-16.0137
-5.65346	13.6185
-5.65346	-13.6185
-0.0125	0
-0.382565	3.75733
-0.382565	-3.75733
-1.47854	7.37028
-1.47854	-7.37028
-3.2583	10.7
-3.2583	-10.7
-38.6279	0
-38.2579	3.75733
-38.2579	-3.75733
-37.1619	7.37028
-37.1619	-7.37028
-35.3821	10.7
-35.3821	-10.7
-32.987	13.6185
-32.987	-13.6185
-30.0684	16.0137
-30.0684	-16.0137
-26.7387	17.7934
-26.7387	-17.7934
-23.1258	18.8894
-23.1258	-18.8894
-19.3685	19.2595
-19.3685	-19.2595
-15.6111	18.8894
-15.6111	-18.8894
-11.9982	17.7934
-11.9982	-17.7934
-8.66848	16.0137
-8.66848	-16.0137
-5.74996	13.6185
-5.74996	-13.6185
-0.109	0
-0.479065	3.75733
-0.479065	-3.75733
-1.57504	7.37028
-1.57504	-7.37028
-3.3548	10.7
-3.3548	-10.7
-39.8689	0
-39.4989	3.75733
-39.4989	-3.75733
-38.4029	7.37028
-38.4029	-7.37028
-36.6231	10.7
-36.6231	-10.7
-34.228	13.6185
-34.228	-13.6185
-31.3094	16.0137
-31.3094	-16.0137
-27.9797	17.7934
-27.9797	-17.7934
-24.3668	18.8894
-24.3668	-18.8894
-20.6095	19.2595
-20.6095	-19.2595
-16.8521	18.8894
-16.8521	-18.8894
-13.2392	17.7934
-13.2392	-17.7934
-9.90948	16.0137
-9.90948	-16.0137
-6.99096	13.6185
-6.99096	-13.6185
-1.35	0
-1.72007	3.75733
-1.72007	-3.75733
-2.81604	7.37028
-2.81604	-7.37028
-4.5958	10.7
-4.5958	-10.7
-38.8359	0
-38.4659	3.75733
-38.4659	-3.75733
-37.3699	7.37028
-37.3699	-7.37028
-35.5901	10.7
-35.5901	-10.7
-33.195	13.6185
-33.195	-13.6185
-30.2764	16.0137
-30.2764	-16.0137
-26.9467	17.7934
-26.9467	-17.7934
-23.3338	18.8894
-23.3338	-18.8894
-19.5765	19.2595
-19.5765	-19.2595
-15.8191	18.8894
-15.8191	-18.8894
-12.2062	17.7934
-12.2062	-17.7934
-8.87648	16.0137
-8.87648	-16.0137
-5.95796	13.6185
-5.95796	-13.6185
-0.317	0
-0.687065	3.75733
-0.687065	-3.75733
-1.78304	7.37028
-1.78304	-7.37028
-3.5628	10.7
-3.5628	-10.7
-38.5507	0
-38.1807	3.75733
-38.1807	-3.75733
-37.0847	7.37028
-37.0847	-7.37028
-35.3049	10.7
-35.3049	-10.7
-32.9098	13.6185
-32.9098	-13.6185
-29.9912	16.0137
-29.9912	-16.0137
-26.6615	17.7934
-26.6615	-17.7934
-23.0486	18.8894
-23.0486	-18.8894
-19.2913	19.2595
-19.2913	-19.2595
-15.5339	18.8894
-15.5339	-18.8894
-11.921	17.7934
-11.921	-17.7934
-8.59128	16.0137
-8.59128	-16.0137
-5.67276	13.6185
-5.67276	-13.6185
-0.0318	0
-0.401865	3.75733
-0.401865	-3.75733
-1.49784	7.37028
-1.49784	-7.37028
-3.2776	10.7
-3.2776	-10.7
-47.1589	0
-46.7889	3.75733
-46.7889	-3.75733
-45.6929	7.37028
-45.6929	-7.37028
-43.9131	10.7
-43.9131	-10.7
-41.518	13.6185
-41.518	-13.6185
-38.5994	16.0137
-38.5994	-16.0137
-35.2697	17.7934
-35.2697	-17.7934
-31.6568	18.8894
-31.6568	-18.8894
-27.8995	19.2595
-27.8995	-19.2595
-24.1421	18.8894
-24.1421	-18.8894
-20.5292	17.7934
-20.5292	-17.7934
-17.1995	16.0137
-17.1995	-16.0137
-14.281	13.6185
-14.281	-13.6185
-8.64	0
-9.01007	3.75733
-9.01007	-3.75733
-10.106	7.37028
-10.106	-7.37028
-11.8858	10.7
-11.8858	-10.7
0	0
