-43.8926	0
-21.9526	0.00010628
-21.9526	-0.00010628
-21.9524	0
-21.9525	1.88E-07
-21.9525	-1.88E-07
-21.9525	0
-21.9525	0
-21.9525	1.30E-07
-21.9525	-1.30E-07
-21.9525	1.72E-07
-21.9525	-1.72E-07
-21.9525	1.55E-07
-21.9525	-1.55E-07
-21.9525	3.13E-07
-21.9525	-3.13E-07
-21.9525	0
-21.9525	0
-21.9525	0
-21.9525	0
-21.9525	0
-21.9525	0
-21.9525	0
-21.9525	0
-21.9525	0
-21.9525	0
-21.9525	0
-21.9525	0
-21.9525	0
-21.9525	0
-21.9525	3.94E-07
-21.9525	-3.94E-07
-22.049	0
-22.049	0
-22.049	0
-22.049	0
-22.049	0
-22.049	0
-22.049	0
-22.049	0
-22.049	0
-22.049	0
-22.049	0
-22.049	0
-22.049	0
-22.049	0
-22.049	0
-22.049	0
-22.049	0
-22.049	0
-22.049	0
-22.049	0
-22.049	0
-22.049	0
-22.049	0
-22.049	0
-22.049	0
-22.049	0
-22.049	0
-30.58	0
-30.58	0
-30.58	0
-30.58	0
-30.58	0
-30.58	0
-30.58	0
-30.58	0
-30.58	0
-30.58	0
-30.58	0
-30.58	0
-30.58	0
-30.58	0
-30.58	0
-30.58	0
-30.58	0
-30.58	0
-30.58	0
-30.58	0
-30.58	0
-30.58	0
-30.58	0
-23.29	0
-23.29	0
-23.29	0
-23.29	0
-23.29	0
-23.29	0
-23.29	0
-23.29	0
-23.29	0
-23.29	0
-23.29	0
-23.29	0
-23.29	0
-23.29	0
-23.29	0
-23.29	0
-23.29	0
-23.29	0
-23.29	0
-30.58	0
-30.58	0
-30.58	0
-30.58	0
-30.58	0
-30.58	0
-30.58	0
-30.58	0
-21.9718	0
-21.9718	0
-21.9718	0
-21.9718	0
-21.9718	0
-21.9718	0
-21.9718	0
-21.9718	0
-21.9718	0
-21.9718	0
-21.9718	0
-21.9718	0
-21.9718	0
-21.9718	0
-22.257	0
-22.257	0
-22.257	0
-22.257	0
-22.257	0
-22.257	0
-22.257	0
-22.257	0
-22.257	0
-22.257	0
-22.257	0
-22.257	0
-23.29	0
-23.29	0
-43.9891	0
-22.049	0
-22.049	0
-22.049	3.17E-07
-22.049	-3.17E-07
-21.9718	0
-21.9718	0
-21.9718	0
-21.9718	0
-21.9718	0
-21.9718	0
-21.9718	0
-21.9718	0
-21.9718	0
-21.9718	0
-21.9718	0
-21.9718	0
-21.9718	0
-21.9718	0
-21.9718	0
-21.9718	0
-21.9718	0
-23.29	0
-23.29	0
-23.29	0
-23.29	0
-23.29	0
-23.29	0
-23.29	0
-23.29	0
-23.29	0
-23.29	0
-22.257	0
-22.257	0
-22.257	0
-22.257	0
-22.257	0
-22.257	0
-22.257	0
-22.257	0
-22.257	0
-44.1971	0
-22.257	0
-22.257	0
-22.257	0
-22.257	0
-22.257	2.46E-07
-22.257	-2.46E-07
-22.257	0
-22.257	0
-22.257	0
-22.257	0
-45.2301	0
-52.5201	0
-43.9119	0
-48.9985	0
-24.5055	0
-24.5055	2.55E-05
-24.5055	-2.55E-05
-24.5055	0
-24.5055	0
-24.5055	1.81E-07
-24.5055	-1.81E-07
-24.5055	0
-24.5055	0
-24.5055	3.44E-07
-24.5055	-3.44E-07
-24.5055	1.26E-07
-24.5055	-1.26E-07
-24.5055	0
-24.5055	0
-24.5055	0
-24.5055	0
-24.5055	3.61E-07
-24.5055	-3.61E-07
-24.5055	9.28E-08
-24.5055	-9.28E-08
-24.5055	1.78E-07
-24.5055	-1.78E-07
-24.5055	3.37E-07
-24.5055	-3.37E-07
-24.5055	2.86E-07
-24.5055	-2.86E-07
-24.5055	2.97E-07
-24.5055	-2.97E-07
-24.5055	9.83E-08
-24.5055	-9.83E-08
-24.602	0
-24.602	0
-24.602	0
-24.602	0
-24.602	0
-24.602	0
-24.602	0
-24.602	0
-24.602	0
-24.602	0
-24.602	0
-24.602	0
-24.602	0
-24.602	0
-24.602	0
-24.602	0
-24.602	0
-24.602	0
-24.602	0
-24.602	0
-24.602	0
-24.602	0
-24.602	0
-24.602	0
-24.602	0
-24.602	0
-24.602	0
-33.133	0
-33.133	0
-33.133	0
-33.133	0
-33.133	0
-33.133	0
-33.133	0
-33.133	0
-33.133	0
-33.133	0
-33.133	0
-33.133	0
-33.133	0
-33.133	0
-33.133	0
-33.133	0
-33.133	0
-33.133	0
-33.133	0
-33.133	0
-33.133	0
-33.133	0
-33.133	0
-25.843	0
-25.843	0
-25.843	0
-25.843	0
-25.843	0
-25.843	0
-25.843	0
-25.843	0
-25.843	0
-25.843	0
-25.843	0
-25.843	0
-25.843	0
-25.843	0
-25.843	0
-25.843	0
-25.843	0
-25.843	0
-25.843	0
-33.133	0
-33.133	0
-33.133	0
-33.133	0
-33.133	0
-33.133	0
-33.133	0
-33.133	0
-24.5248	0
-24.5248	0
-24.5248	0
-24.5248	0
-24.5248	0
-24.5248	0
-24.5248	0
-24.5248	0
-24.5248	0
-24.5248	0
-24.5248	0
-24.5248	0
-24.5248	0
-24.5248	0
-24.81	0
-24.81	0
-24.81	0
-24.81	0
-24.81	0
-24.81	0
-24.81	0
-24.81	0
-24.81	0
-24.81	0
-24.81	0
-24.81	0
-25.843	0
-25.843	0
-49.095	0
-24.602	0
-24.602	0
-24.602	0
-24.602	0
-24.5248	0
-24.5248	0
-24.5248	0
-24.5248	0
-24.5248	0
-24.5248	0
-24.5248	0
-24.5248	0
-24.5248	0
-24.5248	0
-24.5248	0
-24.5248	0
-24.5248	0
-24.5248	0
-24.5248	0
-24.5248	0
-24.5248	0
-25.843	0
-25.843	0
-25.843	0
-25.843	0
-25.843	0
-25.843	0
-25.843	0
-25.843	0
-25.843	0
-25.843	0
-24.81	0
-24.81	0
-24.81	0
-24.81	0
-24.81	0
-24.81	0
-24.81	0
-24.81	0
-24.81	0
-49.303	0
-24.8095	0
-24.81	0.000549346
-24.81	-0.000549346
-24.8106	0
-24.81	4.50E-07
-24.81	-4.50E-07
-24.81	0
-24.81	0
-24.81	3.68E-07
-24.81	-3.68E-07
-50.336	0
-57.626	0
-49.0178	0
-51.5106	0
-25.7616	0
-25.7615	5.58E-05
-25.7615	-5.58E-05
-25.7616	0
-25.7616	0
-25.7616	1.92E-07
-25.7616	-1.92E-07
-25.7616	1.46E-07
-25.7616	-1.46E-07
-25.7616	2.43E-07
-25.7616	-2.43E-07
-25.7616	4.09E-07
-25.7616	-4.09E-07
-25.7616	3.00E-07
-25.7616	-3.00E-07
-25.7616	0
-25.7616	0
-25.7616	0
-25.7616	0
-25.7616	0
-25.7616	0
-25.7616	2.69E-07
-25.7616	-2.69E-07
-25.7616	0
-25.7616	0
-25.7616	0
-25.7616	0
-25.7616	0
-25.7616	0
-25.7616	5.37E-07
-25.7616	-5.37E-07
-25.8581	0
-25.8581	0
-25.8581	0
-25.8581	0
-25.8581	0
-25.8581	0
-25.8581	0
-25.8581	0
-25.8581	0
-25.8581	0
-25.8581	0
-25.8581	0
-25.8581	0
-25.8581	0
-25.8581	0
-25.8581	0
-25.8581	0
-25.8581	0
-25.8581	0
-25.8581	0
-25.8581	0
-25.8581	0
-25.8581	0
-25.8581	0
-25.8581	0
-25.8581	0
-25.8581	0
-34.3891	0
-34.3891	0
-34.3891	0
-34.3891	0
-34.3891	0
-34.3891	0
-34.3891	0
-34.3891	0
-34.3891	0
-34.3891	0
-34.3891	0
-34.3891	0
-34.3891	0
-34.3891	0
-34.3891	0
-34.3891	0
-34.3891	0
-34.3891	0
-34.3891	0
-34.3891	0
-34.3891	0
-34.3891	0
-34.3891	0
-27.0991	0
-27.0991	0
-27.0991	0
-27.0991	0
-27.0991	0
-27.0991	0
-27.0991	0
-27.0991	0
-27.0991	0
-27.0991	0
-27.0991	0
-27.0991	0
-27.0991	0
-27.0991	0
-27.0991	0
-27.0991	0
-27.0991	0
-27.0991	0
-27.0991	0
-34.3891	0
-34.3891	0
-34.3891	0
-34.3891	0
-34.3891	0
-34.3891	0
-34.3891	0
-34.3891	0
-25.7809	0
-25.7809	0
-25.7809	0
-25.7809	0
-25.7809	0
-25.7809	0
-25.7809	0
-25.7809	0
-25.7809	0
-25.7809	0
-25.7809	0
-25.7809	0
-25.7809	0
-25.7809	0
-26.0661	0
-26.0661	0
-26.0661	0
-26.0661	0
-26.0661	0
-26.0661	0
-26.0661	0
-26.0661	0
-26.0661	0
-26.0661	0
-26.0661	0
-26.0661	0
-27.0991	0
-27.0991	0
-51.6071	0
-25.8581	4.02E-07
-25.8581	-4.02E-07
-25.8581	0
-25.8581	0
-25.7809	0
-25.7809	0
-25.7809	0
-25.7809	0
-25.7809	0
-25.7809	0
-25.7809	0
-25.7809	0
-25.7809	0
-25.7809	0
-25.7809	0
-25.7809	0
-25.7809	0
-25.7809	0
-25.7809	0
-25.7809	0
-25.7809	0
-27.0991	0
-27.0991	0
-27.0991	0
-27.0991	0
-27.0991	0
-27.0991	0
-27.0991	0
-27.0991	0
-27.0991	0
-27.0991	0
-26.0661	0
-26.0661	0
-26.0661	0
-26.0661	0
-26.0661	0
-26.0661	0
-26.0661	0
-26.0661	0
-26.0661	0
-51.8151	0
-26.0666	0.000494978
-26.0666	-0.000494978
-26.0656	0.000493804
-26.0656	-0.000493804
-26.0661	1.71E-07
-26.0661	-1.71E-07
-26.0661	0
-26.0661	0
-26.0661	5.27E-07
-26.0661	-5.27E-07
-52.8481	0
-60.1381	0
-51.5299	0
-46.9051	0
-23.4588	3.43E-05
-23.4588	-3.43E-05
-23.4588	0
-23.4588	3.04E-07
-23.4588	-3.04E-07
-23.4588	2.67E-07
-23.4588	-2.67E-07
-23.4588	0
-23.4588	0
-23.4588	0
-23.4588	0
-23.4588	0
-23.4588	0
-23.4588	0
-23.4588	0
-23.4588	0
-23.4588	0
-23.4588	0
-23.4588	0
-23.4588	3.02E-07
-23.4588	-3.02E-07
-23.4588	0
-23.4588	0
-23.4588	0
-23.4588	0
-23.4588	0
-23.4588	0
-23.4588	4.09E-07
-23.4588	-4.09E-07
-23.4588	4.21E-07
-23.4588	-4.21E-07
-23.5553	0
-23.5553	0
-23.5553	0
-23.5553	0
-23.5553	0
-23.5553	0
-23.5553	0
-23.5553	0
-23.5553	0
-23.5553	0
-23.5553	0
-23.5553	0
-23.5553	0
-23.5553	0
-23.5553	0
-23.5553	0
-23.5553	0
-23.5553	0
-23.5553	0
-23.5553	0
-23.5553	0
-23.5553	0
-23.5553	0
-23.5553	0
-23.5553	0
-23.5553	0
-23.5553	0
-32.0863	0
-32.0863	0
-32.0863	0
-32.0863	0
-32.0863	0
-32.0863	0
-32.0863	0
-32.0863	0
-32.0863	0
-32.0863	0
-32.0863	0
-32.0863	0
-32.0863	0
-32.0863	0
-32.0863	0
-32.0863	0
-32.0863	0
-32.0863	0
-32.0863	0
-32.0863	0
-32.0863	0
-32.0863	0
-32.0863	0
-24.7963	0
-24.7963	0
-24.7963	0
-24.7963	0
-24.7963	0
-24.7963	0
-24.7963	0
-24.7963	0
-24.7963	0
-24.7963	0
-24.7963	0
-24.7963	0
-24.7963	0
-24.7963	0
-24.7963	0
-24.7963	0
-24.7963	0
-24.7963	0
-24.7963	0
-32.0863	0
-32.0863	0
-32.0863	0
-32.0863	0
-32.0863	0
-32.0863	0
-32.0863	0
-32.0863	0
-23.4781	0
-23.4781	0
-23.4781	0
-23.4781	0
-23.4781	0
-23.4781	0
-23.4781	0
-23.4781	0
-23.4781	0
-23.4781	0
-23.4781	0
-23.4781	0
-23.4781	0
-23.4781	0
-23.7633	0
-23.7633	0
-23.7633	0
-23.7633	0
-23.7633	0
-23.7633	0
-23.7633	0
-23.7633	0
-23.7633	0
-23.7633	0
-23.7633	0
-23.7633	0
-24.7963	0
-24.7963	0
-47.0016	0
-23.5558	0.000494628
-23.5558	-0.000494628
-23.5548	0.000494092
-23.5548	-0.000494092
-23.4781	0
-23.4781	0
-23.4781	0
-23.4781	0
-23.4781	0
-23.4781	0
-23.4781	0
-23.4781	0
-23.4781	0
-23.4781	0
-23.4781	0
-23.4781	0
-23.4781	0
-23.4781	0
-23.4781	0
-23.4781	0
-23.4781	0
-24.7963	0
-24.7963	0
-24.7963	0
-24.7963	0
-24.7963	0
-24.7963	0
-24.7963	0
-24.7963	0
-24.7963	0
-24.7963	0
-23.7633	0
-23.7633	0
-23.7633	0
-23.7633	0
-23.7633	0
-23.7633	0
-23.7633	0
-23.7633	0
-23.7633	0
-47.2096	0
-23.7639	0.000579523
-23.7639	-0.000579523
-23.7627	0.000577753
-23.7627	-0.000577753
-23.7633	3.88E-07
-23.7633	-3.88E-07
-23.7633	0
-23.7633	0
-23.7633	2.98E-07
-23.7633	-2.98E-07
-48.2426	0
-55.5326	0
-46.9244	0
-43.9743	0
-21.9933	0
-21.9934	5.78E-05
-21.9934	-5.78E-05
-21.9934	2.66E-07
-21.9934	-2.66E-07
-21.9934	2.93E-07
-21.9934	-2.93E-07
-21.9934	0
-21.9934	0
-21.9934	4.15E-07
-21.9934	-4.15E-07
-21.9934	0
-21.9934	0
-21.9934	1.82E-07
-21.9934	-1.82E-07
-21.9934	1.02E-07
-21.9934	-1.02E-07
-21.9934	2.04E-07
-21.9934	-2.04E-07
-21.9934	3.75E-07
-21.9934	-3.75E-07
-21.9934	3.73E-07
-21.9934	-3.73E-07
-21.9934	1.09E-07
-21.9934	-1.09E-07
-21.9934	4.43E-07
-21.9934	-4.43E-07
-21.9934	0
-21.9934	0
-21.9934	5.22E-07
-21.9934	-5.22E-07
-22.0899	0
-22.0899	0
-22.0899	0
-22.0899	0
-22.0899	0
-22.0899	0
-22.0899	0
-22.0899	0
-22.0899	0
-22.0899	0
-22.0899	0
-22.0899	0
-22.0899	0
-22.0899	0
-22.0899	0
-22.0899	0
-22.0899	0
-22.0899	0
-22.0899	0
-22.0899	0
-22.0899	0
-22.0899	0
-22.0899	0
-22.0899	0
-22.0899	0
-22.0899	0
-22.0899	0
-30.6209	0
-30.6209	0
-30.6209	0
-30.6209	0
-30.6209	0
-30.6209	0
-30.6209	0
-30.6209	0
-30.6209	0
-30.6209	0
-30.6209	0
-30.6209	0
-30.6209	0
-30.6209	0
-30.6209	0
-30.6209	0
-30.6209	0
-30.6209	0
-30.6209	0
-30.6209	0
-30.6209	0
-30.6209	0
-30.6209	0
-23.3309	0
-23.3309	0
-23.3309	0
-23.3309	0
-23.3309	0
-23.3309	0
-23.3309	0
-23.3309	0
-23.3309	0
-23.3309	0
-23.3309	0
-23.3309	0
-23.3309	0
-23.3309	0
-23.3309	0
-23.3309	0
-23.3309	0
-23.3309	0
-23.3309	0
-30.6209	0
-30.6209	0
-30.6209	0
-30.6209	0
-30.6209	0
-30.6209	0
-30.6209	0
-30.6209	0
-22.0127	0
-22.0127	0
-22.0127	0
-22.0127	0
-22.0127	0
-22.0127	0
-22.0127	0
-22.0127	0
-22.0127	0
-22.0127	0
-22.0127	0
-22.0127	0
-22.0127	0
-22.0127	0
-22.2979	0
-22.2979	0
-22.2979	0
-22.2979	0
-22.2979	0
-22.2979	0
-22.2979	0
-22.2979	0
-22.2979	0
-22.2979	0
-22.2979	0
-22.2979	0
-23.3309	0
-23.3309	0
-44.0708	0
-22.0899	7.21E-08
-22.0899	-7.21E-08
-22.0899	2.65E-07
-22.0899	-2.65E-07
-22.0127	0
-22.0127	0
-22.0127	0
-22.0127	0
-22.0127	0
-22.0127	0
-22.0127	0
-22.0127	0
-22.0127	0
-22.0127	0
-22.0127	0
-22.0127	0
-22.0127	0
-22.0127	0
-22.0127	0
-22.0127	0
-22.0127	0
-23.3309	0
-23.3309	0
-23.3309	0
-23.3309	0
-23.3309	0
-23.3309	0
-23.3309	0
-23.3309	0
-23.3309	0
-23.3309	0
-22.2979	0
-22.2979	0
-22.2979	0
-22.2979	0
-22.2979	0
-22.2979	0
-22.2979	0
-22.2979	0
-22.2979	0
-44.2788	0
-22.2981	0
-22.2979	0.000185765
-22.2979	-0.000185765
-22.2977	0
-22.2979	0
-22.2979	0
-22.2979	0
-22.2979	0
-22.2979	4.32E-07
-22.2979	-4.32E-07
-45.3118	0
-52.6018	0
-43.9936	0
-42.9276	0
-21.4701	8.47E-05
-21.4701	-8.47E-05
-21.47	0
-21.47	3.19E-07
-21.47	-3.19E-07
-21.47	0
-21.47	0
-21.47	3.52E-07
-21.47	-3.52E-07
-21.47	3.03E-07
-21.47	-3.03E-07
-21.47	4.15E-07
-21.47	-4.15E-07
-21.47	1.99E-07
-21.47	-1.99E-07
-21.47	0
-21.47	0
-21.47	0
-21.47	0
-21.47	1.19E-07
-21.47	-1.19E-07
-21.47	0
-21.47	0
-21.47	1.91E-07
-21.47	-1.91E-07
-21.47	0
-21.47	0
-21.47	0
-21.47	0
-21.47	3.11E-07
-21.47	-3.11E-07
-21.5665	0
-21.5665	0
-21.5665	0
-21.5665	0
-21.5665	0
-21.5665	0
-21.5665	0
-21.5665	0
-21.5665	0
-21.5665	0
-21.5665	0
-21.5665	0
-21.5665	0
-21.5665	0
-21.5665	0
-21.5665	0
-21.5665	0
-21.5665	0
-21.5665	0
-21.5665	0
-21.5665	0
-21.5665	0
-21.5665	0
-21.5665	0
-21.5665	0
-21.5665	0
-21.5665	0
-30.0975	0
-30.0975	0
-30.0975	0
-30.0975	0
-30.0975	0
-30.0975	0
-30.0975	0
-30.0975	0
-30.0975	0
-30.0975	0
-30.0975	0
-30.0975	0
-30.0975	0
-30.0975	0
-30.0975	0
-30.0975	0
-30.0975	0
-30.0975	0
-30.0975	0
-30.0975	0
-30.0975	0
-30.0975	0
-30.0975	0
-22.8075	0
-22.8075	0
-22.8075	0
-22.8075	0
-22.8075	0
-22.8075	0
-22.8075	0
-22.8075	0
-22.8075	0
-22.8075	0
-22.8075	0
-22.8075	0
-22.8075	0
-22.8075	0
-22.8075	0
-22.8075	0
-22.8075	0
-22.8075	0
-22.8075	0
-30.0975	0
-30.0975	0
-30.0975	0
-30.0975	0
-30.0975	0
-30.0975	0
-30.0975	0
-30.0975	0
-21.4893	0
-21.4893	0
-21.4893	0
-21.4893	0
-21.4893	0
-21.4893	0
-21.4893	0
-21.4893	0
-21.4893	0
-21.4893	0
-21.4893	0
-21.4893	0
-21.4893	0
-21.4893	0
-21.7745	0
-21.7745	0
-21.7745	0
-21.7745	0
-21.7745	0
-21.7745	0
-21.7745	0
-21.7745	0
-21.7745	0
-21.7745	0
-21.7745	0
-21.7745	0
-22.8075	0
-22.8075	0
-43.0241	0
-21.5665	8.12E-08
-21.5665	-8.12E-08
-21.5665	1.93E-07
-21.5665	-1.93E-07
-21.4893	0
-21.4893	0
-21.4893	0
-21.4893	0
-21.4893	0
-21.4893	0
-21.4893	0
-21.4893	0
-21.4893	0
-21.4893	0
-21.4893	0
-21.4893	0
-21.4893	0
-21.4893	0
-21.4893	0
-21.4893	0
-21.4893	0
-22.8075	0
-22.8075	0
-22.8075	0
-22.8075	0
-22.8075	0
-22.8075	0
-22.8075	0
-22.8075	0
-22.8075	0
-22.8075	0
-21.7745	0
-21.7745	0
-21.7745	0
-21.7745	0
-21.7745	0
-21.7745	0
-21.7745	0
-21.7745	0
-21.7745	0
-43.2321	0
-21.7741	0.000408325
-21.7741	-0.000408325
-21.775	0.000407818
-21.775	-0.000407818
-21.7745	1.84E-07
-21.7745	-1.84E-07
-21.7745	1.86E-07
-21.7745	-1.86E-07
-21.7745	0
-21.7745	0
-44.2651	0
-51.5551	0
-42.9469	0
-40.8342	0
-20.4234	7.86E-05
-20.4234	-7.86E-05
-20.4232	0
-20.4233	0
-20.4233	0
-20.4233	0
-20.4233	0
-20.4233	2.77E-07
-20.4233	-2.77E-07
-20.4233	0
-20.4233	0
-20.4233	0
-20.4233	0
-20.4233	2.54E-07
-20.4233	-2.54E-07
-20.4233	1.42E-07
-20.4233	-1.42E-07
-20.4233	0
-20.4233	0
-20.4233	2.65E-07
-20.4233	-2.65E-07
-20.4233	0
-20.4233	0
-20.4233	1.91E-07
-20.4233	-1.91E-07
-20.4233	1.74E-07
-20.4233	-1.74E-07
-20.4233	2.97E-07
-20.4233	-2.97E-07
-20.4233	1.42E-07
-20.4233	-1.42E-07
-20.5198	0
-20.5198	0
-20.5198	0
-20.5198	0
-20.5198	0
-20.5198	0
-20.5198	0
-20.5198	0
-20.5198	0
-20.5198	0
-20.5198	0
-20.5198	0
-20.5198	0
-20.5198	0
-20.5198	0
-20.5198	0
-20.5198	0
-20.5198	0
-20.5198	0
-20.5198	0
-20.5198	0
-20.5198	0
-20.5198	0
-20.5198	0
-20.5198	0
-20.5198	0
-20.5198	0
-29.0508	0
-29.0508	0
-29.0508	0
-29.0508	0
-29.0508	0
-29.0508	0
-29.0508	0
-29.0508	0
-29.0508	0
-29.0508	0
-29.0508	0
-29.0508	0
-29.0508	0
-29.0508	0
-29.0508	0
-29.0508	0
-29.0508	0
-29.0508	0
-29.0508	0
-29.0508	0
-29.0508	0
-29.0508	0
-29.0508	0
-21.7608	0
-21.7608	0
-21.7608	0
-21.7608	0
-21.7608	0
-21.7608	0
-21.7608	0
-21.7608	0
-21.7608	0
-21.7608	0
-21.7608	0
-21.7608	0
-21.7608	0
-21.7608	0
-21.7608	0
-21.7608	0
-21.7608	0
-21.7608	0
-21.7608	0
-29.0508	0
-29.0508	0
-29.0508	0
-29.0508	0
-29.0508	0
-29.0508	0
-29.0508	0
-29.0508	0
-20.4426	0
-20.4426	0
-20.4426	0
-20.4426	0
-20.4426	0
-20.4426	0
-20.4426	0
-20.4426	0
-20.4426	0
-20.4426	0
-20.4426	0
-20.4426	0
-20.4426	0
-20.4426	0
-20.7278	0
-20.7278	0
-20.7278	0
-20.7278	0
-20.7278	0
-20.7278	0
-20.7278	0
-20.7278	0
-20.7278	0
-20.7278	0
-20.7278	0
-20.7278	0
-21.7608	0
-21.7608	0
-40.9307	0
-20.5202	0.000369415
-20.5202	-0.000369415
-20.5195	0.000369052
-20.5195	-0.000369052
-20.4426	0
-20.4426	0
-20.4426	0
-20.4426	0
-20.4426	0
-20.4426	0
-20.4426	0
-20.4426	0
-20.4426	0
-20.4426	0
-20.4426	0
-20.4426	0
-20.4426	0
-20.4426	0
-20.4426	0
-20.4426	0
-20.4426	0
-21.7608	0
-21.7608	0
-21.7608	0
-21.7608	0
-21.7608	0
-21.7608	0
-21.7608	0
-21.7608	0
-21.7608	0
-21.7608	0
-20.7278	0
-20.7278	0
-20.7278	0
-20.7278	0
-20.7278	0
-20.7278	0
-20.7278	0
-20.7278	0
-20.7278	0
-41.1387	0
-20.7281	0
-20.7278	0.000253378
-20.7278	-0.000253378
-20.7276	0
-20.7278	3.06E-07
-20.7278	-3.06E-07
-20.7278	0
-20.7278	0
-20.7278	3.57E-07
-20.7278	-3.57E-07
-42.1717	0
-49.4617	0
-40.8535	0
-40.4155	0
-20.214	7.26E-05
-20.214	-7.26E-05
-20.2141	0
-20.214	0
-20.214	0
-20.214	0
-20.214	0
-20.214	2.37E-07
-20.214	-2.37E-07
-20.214	1.57E-07
-20.214	-1.57E-07
-20.214	0
-20.214	0
-20.214	1.71E-07
-20.214	-1.71E-07
-20.214	0
-20.214	0
-20.214	0
-20.214	0
-20.214	1.90E-07
-20.214	-1.90E-07
-20.214	0
-20.214	0
-20.214	0
-20.214	0
-20.214	2.32E-07
-20.214	-2.32E-07
-20.214	6.62E-08
-20.214	-6.62E-08
-20.214	0
-20.214	0
-20.3105	0
-20.3105	0
-20.3105	0
-20.3105	0
-20.3105	0
-20.3105	0
-20.3105	0
-20.3105	0
-20.3105	0
-20.3105	0
-20.3105	0
-20.3105	0
-20.3105	0
-20.3105	0
-20.3105	0
-20.3105	0
-20.3105	0
-20.3105	0
-20.3105	0
-20.3105	0
-20.3105	0
-20.3105	0
-20.3105	0
-20.3105	0
-20.3105	0
-20.3105	0
-20.3105	0
-28.8415	0
-28.8415	0
-28.8415	0
-28.8415	0
-28.8415	0
-28.8415	0
-28.8415	0
-28.8415	0
-28.8415	0
-28.8415	0
-28.8415	0
-28.8415	0
-28.8415	0
-28.8415	0
-28.8415	0
-28.8415	0
-28.8415	0
-28.8415	0
-28.8415	0
-28.8415	0
-28.8415	0
-28.8415	0
-28.8415	0
-21.5515	0
-21.5515	0
-21.5515	0
-21.5515	0
-21.5515	0
-21.5515	0
-21.5515	0
-21.5515	0
-21.5515	0
-21.5515	0
-21.5515	0
-21.5515	0
-21.5515	0
-21.5515	0
-21.5515	0
-21.5515	0
-21.5515	0
-21.5515	0
-21.5515	0
-28.8415	0
-28.8415	0
-28.8415	0
-28.8415	0
-28.8415	0
-28.8415	0
-28.8415	0
-28.8415	0
-20.2333	0
-20.2333	0
-20.2333	0
-20.2333	0
-20.2333	0
-20.2333	0
-20.2333	0
-20.2333	0
-20.2333	0
-20.2333	0
-20.2333	0
-20.2333	0
-20.2333	0
-20.2333	0
-20.5185	0
-20.5185	0
-20.5185	0
-20.5185	0
-20.5185	0
-20.5185	0
-20.5185	0
-20.5185	0
-20.5185	0
-20.5185	0
-20.5185	0
-20.5185	0
-21.5515	0
-21.5515	0
-40.512	0
-20.3109	0.00044965
-20.3109	-0.00044965
-20.31	0.000449144
-20.31	-0.000449144
-20.2333	0
-20.2333	0
-20.2333	0
-20.2333	0
-20.2333	0
-20.2333	0
-20.2333	0
-20.2333	0
-20.2333	0
-20.2333	0
-20.2333	0
-20.2333	0
-20.2333	0
-20.2333	0
-20.2333	0
-20.2333	0
-20.2333	0
-21.5515	0
-21.5515	0
-21.5515	0
-21.5515	0
-21.5515	0
-21.5515	0
-21.5515	0
-21.5515	0
-21.5515	0
-21.5515	0
-20.5185	0
-20.5185	0
-20.5185	0
-20.5185	0
-20.5185	0
-20.5185	0
-20.5185	0
-20.5185	0
-20.5185	0
-40.72	0
-20.5185	0
-20.5185	0
-20.5185	2.85E-07
-20.5185	-2.85E-07
-20.5185	0
-20.5185	0
-20.5185	1.08E-07
-20.5185	-1.08E-07
-20.5185	5.25E-07
-20.5185	-5.25E-07
-41.753	0
-49.043	0
-40.4348	0
-39.7875	0
-19.9	5.37E-05
-19.9	-5.37E-05
-19.8999	0
-19.9	0
-19.9	0
-19.9	0
-19.9	0
-19.9	0
-19.9	0
-19.9	3.02E-07
-19.9	-3.02E-07
-19.9	8.44E-08
-19.9	-8.44E-08
-19.9	0
-19.9	0
-19.9	0
-19.9	0
-19.9	0
-19.9	0
-19.9	0
-19.9	0
-19.9	1.18E-07
-19.9	-1.18E-07
-19.9	2.73E-07
-19.9	-2.73E-07
-19.9	0
-19.9	0
-19.9	1.25E-07
-19.9	-1.25E-07
-19.9	0
-19.9	0
-19.9965	0
-19.9965	0
-19.9965	0
-19.9965	0
-19.9965	0
-19.9965	0
-19.9965	0
-19.9965	0
-19.9965	0
-19.9965	0
-19.9965	0
-19.9965	0
-19.9965	0
-19.9965	0
-19.9965	0
-19.9965	0
-19.9965	0
-19.9965	0
-19.9965	0
-19.9965	0
-19.9965	0
-19.9965	0
-19.9965	0
-19.9965	0
-19.9965	0
-19.9965	0
-19.9965	0
-28.5275	0
-28.5275	0
-28.5275	0
-28.5275	0
-28.5275	0
-28.5275	0
-28.5275	0
-28.5275	0
-28.5275	0
-28.5275	0
-28.5275	0
-28.5275	0
-28.5275	0
-28.5275	0
-28.5275	0
-28.5275	0
-28.5275	0
-28.5275	0
-28.5275	0
-28.5275	0
-28.5275	0
-28.5275	0
-28.5275	0
-21.2375	0
-21.2375	0
-21.2375	0
-21.2375	0
-21.2375	0
-21.2375	0
-21.2375	0
-21.2375	0
-21.2375	0
-21.2375	0
-21.2375	0
-21.2375	0
-21.2375	0
-21.2375	0
-21.2375	0
-21.2375	0
-21.2375	0
-21.2375	0
-21.2375	0
-28.5275	0
-28.5275	0
-28.5275	0
-28.5275	0
-28.5275	0
-28.5275	0
-28.5275	0
-28.5275	0
-19.9193	0
-19.9193	0
-19.9193	0
-19.9193	0
-19.9193	0
-19.9193	0
-19.9193	0
-19.9193	0
-19.9193	0
-19.9193	0
-19.9193	0
-19.9193	0
-19.9193	0
-19.9193	0
-20.2045	0
-20.2045	0
-20.2045	0
-20.2045	0
-20.2045	0
-20.2045	0
-20.2045	0
-20.2045	0
-20.2045	0
-20.2045	0
-20.2045	0
-20.2045	0
-21.2375	0
-21.2375	0
-39.884	0
-19.9965	3.34E-07
-19.9965	-3.34E-07
-19.9965	0
-19.9965	0
-19.9193	0
-19.9193	0
-19.9193	0
-19.9193	0
-19.9193	0
-19.9193	0
-19.9193	0
-19.9193	0
-19.9193	0
-19.9193	0
-19.9193	0
-19.9193	0
-19.9193	0
-19.9193	0
-19.9193	0
-19.9193	0
-19.9193	0
-21.2375	0
-21.2375	0
-21.2375	0
-21.2375	0
-21.2375	0
-21.2375	0
-21.2375	0
-21.2375	0
-21.2375	0
-21.2375	0
-20.2045	0
-20.2045	0
-20.2045	0
-20.2045	0
-20.2045	0
-20.2045	0
-20.2045	0
-20.2045	0
-20.2045	0
-40.092	0
-20.2047	0
-20.2045	0.000173543
-20.2045	-0.000173543
-20.2043	0
-20.2045	0
-20.2045	0
-20.2045	2.53E-07
-20.2045	-2.53E-07
-20.2045	0
-20.2045	0
-41.125	0
-48.415	0
-39.8068	0
-39.3688	0
-19.6907	6.67E-05
-19.6907	-6.67E-05
-19.6906	0
-19.6906	0
-19.6906	0
-19.6906	1.01E-07
-19.6906	-1.01E-07
-19.6906	0
-19.6906	0
-19.6906	2.76E-07
-19.6906	-2.76E-07
-19.6906	2.93E-07
-19.6906	-2.93E-07
-19.6906	0
-19.6906	0
-19.6906	0
-19.6906	0
-19.6906	0
-19.6906	0
-19.6906	0
-19.6906	0
-19.6906	0
-19.6906	0
-19.6906	5.52E-08
-19.6906	-5.52E-08
-19.6906	2.82E-07
-19.6906	-2.82E-07
-19.6906	1.86E-07
-19.6906	-1.86E-07
-19.6906	0
-19.6906	0
-19.7871	0
-19.7871	0
-19.7871	0
-19.7871	0
-19.7871	0
-19.7871	0
-19.7871	0
-19.7871	0
-19.7871	0
-19.7871	0
-19.7871	0
-19.7871	0
-19.7871	0
-19.7871	0
-19.7871	0
-19.7871	0
-19.7871	0
-19.7871	0
-19.7871	0
-19.7871	0
-19.7871	0
-19.7871	0
-19.7871	0
-19.7871	0
-19.7871	0
-19.7871	0
-19.7871	0
-28.3181	0
-28.3181	0
-28.3181	0
-28.3181	0
-28.3181	0
-28.3181	0
-28.3181	0
-28.3181	0
-28.3181	0
-28.3181	0
-28.3181	0
-28.3181	0
-28.3181	0
-28.3181	0
-28.3181	0
-28.3181	0
-28.3181	0
-28.3181	0
-28.3181	0
-28.3181	0
-28.3181	0
-28.3181	0
-28.3181	0
-21.0281	0
-21.0281	0
-21.0281	0
-21.0281	0
-21.0281	0
-21.0281	0
-21.0281	0
-21.0281	0
-21.0281	0
-21.0281	0
-21.0281	0
-21.0281	0
-21.0281	0
-21.0281	0
-21.0281	0
-21.0281	0
-21.0281	0
-21.0281	0
-21.0281	0
-28.3181	0
-28.3181	0
-28.3181	0
-28.3181	0
-28.3181	0
-28.3181	0
-28.3181	0
-28.3181	0
-19.7099	0
-19.7099	0
-19.7099	0
-19.7099	0
-19.7099	0
-19.7099	0
-19.7099	0
-19.7099	0
-19.7099	0
-19.7099	0
-19.7099	0
-19.7099	0
-19.7099	0
-19.7099	0
-19.9951	0
-19.9951	0
-19.9951	0
-19.9951	0
-19.9951	0
-19.9951	0
-19.9951	0
-19.9951	0
-19.9951	0
-19.9951	0
-19.9951	0
-19.9951	0
-21.0281	0
-21.0281	0
-39.4653	0
-19.7871	4.14E-08
-19.7871	-4.14E-08
-19.7871	7.90E-08
-19.7871	-7.90E-08
-19.7099	0
-19.7099	0
-19.7099	0
-19.7099	0
-19.7099	0
-19.7099	0
-19.7099	0
-19.7099	0
-19.7099	0
-19.7099	0
-19.7099	0
-19.7099	0
-19.7099	0
-19.7099	0
-19.7099	0
-19.7099	0
-19.7099	0
-21.0281	0
-21.0281	0
-21.0281	0
-21.0281	0
-21.0281	0
-21.0281	0
-21.0281	0
-21.0281	0
-21.0281	0
-21.0281	0
-19.9951	0
-19.9951	0
-19.9951	0
-19.9951	0
-19.9951	0
-19.9951	0
-19.9951	0
-19.9951	0
-19.9951	0
-39.6733	0
-19.9953	0
-19.9951	0.000142156
-19.9951	-0.000142156
-19.995	0
-19.9951	0
-19.9951	0
-19.9951	0
-19.9951	0
-19.9951	5.12E-07
-19.9951	-5.12E-07
-40.7063	0
-47.9963	0
-39.3881	0
-39.1594	0
-19.586	7.08E-05
-19.586	-7.08E-05
-19.5859	0
-19.586	0
-19.586	0
-19.586	0
-19.586	0
-19.586	0
-19.586	0
-19.586	0
-19.586	0
-19.586	2.78E-07
-19.586	-2.78E-07
-19.586	0
-19.586	0
-19.586	0
-19.586	0
-19.586	2.97E-07
-19.586	-2.97E-07
-19.586	3.73E-07
-19.586	-3.73E-07
-19.586	1.69E-07
-19.586	-1.69E-07
-19.586	0
-19.586	0
-19.586	2.38E-07
-19.586	-2.38E-07
-19.586	2.25E-07
-19.586	-2.25E-07
-19.586	2.61E-07
-19.586	-2.61E-07
-19.6825	0
-19.6825	0
-19.6825	0
-19.6825	0
-19.6825	0
-19.6825	0
-19.6825	0
-19.6825	0
-19.6825	0
-19.6825	0
-19.6825	0
-19.6825	0
-19.6825	0
-19.6825	0
-19.6825	0
-19.6825	0
-19.6825	0
-19.6825	0
-19.6825	0
-19.6825	0
-19.6825	0
-19.6825	0
-19.6825	0
-19.6825	0
-19.6825	0
-19.6825	0
-19.6825	0
-28.2135	0
-28.2135	0
-28.2135	0
-28.2135	0
-28.2135	0
-28.2135	0
-28.2135	0
-28.2135	0
-28.2135	0
-28.2135	0
-28.2135	0
-28.2135	0
-28.2135	0
-28.2135	0
-28.2135	0
-28.2135	0
-28.2135	0
-28.2135	0
-28.2135	0
-28.2135	0
-28.2135	0
-28.2135	0
-28.2135	0
-20.9235	0
-20.9235	0
-20.9235	0
-20.9235	0
-20.9235	0
-20.9235	0
-20.9235	0
-20.9235	0
-20.9235	0
-20.9235	0
-20.9235	0
-20.9235	0
-20.9235	0
-20.9235	0
-20.9235	0
-20.9235	0
-20.9235	0
-20.9235	0
-20.9235	0
-28.2135	0
-28.2135	0
-28.2135	0
-28.2135	0
-28.2135	0
-28.2135	0
-28.2135	0
-28.2135	0
-19.6053	0
-19.6053	0
-19.6053	0
-19.6053	0
-19.6053	0
-19.6053	0
-19.6053	0
-19.6053	0
-19.6053	0
-19.6053	0
-19.6053	0
-19.6053	0
-19.6053	0
-19.6053	0
-19.8905	0
-19.8905	0
-19.8905	0
-19.8905	0
-19.8905	0
-19.8905	0
-19.8905	0
-19.8905	0
-19.8905	0
-19.8905	0
-19.8905	0
-19.8905	0
-20.9235	0
-20.9235	0
-39.2559	0
-19.6825	0
-19.6825	0
-19.6825	1.57E-07
-19.6825	-1.57E-07
-19.6053	0
-19.6053	0
-19.6053	0
-19.6053	0
-19.6053	0
-19.6053	0
-19.6053	0
-19.6053	0
-19.6053	0
-19.6053	0
-19.6053	0
-19.6053	0
-19.6053	0
-19.6053	0
-19.6053	0
-19.6053	0
-19.6053	0
-20.9235	0
-20.9235	0
-20.9235	0
-20.9235	0
-20.9235	0
-20.9235	0
-20.9235	0
-20.9235	0
-20.9235	0
-20.9235	0
-19.8905	0
-19.8905	0
-19.8905	0
-19.8905	0
-19.8905	0
-19.8905	0
-19.8905	0
-19.8905	0
-19.8905	0
-39.4639	0
-19.8907	0
-19.8905	0.000240794
-19.8905	-0.000240794
-19.8902	0
-19.8905	0
-19.8905	0
-19.8905	0
-19.8905	0
-19.8905	3.14E-07
-19.8905	-3.14E-07
-40.4969	0
-47.7869	0
-39.1787	0
-38.9501	0
-19.4813	0
-19.4813	4.11E-05
-19.4813	-4.11E-05
-19.4813	3.09E-07
-19.4813	-3.09E-07
-19.4813	2.60E-07
-19.4813	-2.60E-07
-19.4813	2.50E-07
-19.4813	-2.50E-07
-19.4813	0
-19.4813	0
-19.4813	2.31E-07
-19.4813	-2.31E-07
-19.4813	0
-19.4813	0
-19.4813	3.03E-07
-19.4813	-3.03E-07
-19.4813	3.60E-07
-19.4813	-3.60E-07
-19.4813	0
-19.4813	0
-19.4813	2.35E-07
-19.4813	-2.35E-07
-19.4813	2.48E-07
-19.4813	-2.48E-07
-19.4813	3.06E-07
-19.4813	-3.06E-07
-19.4813	0
-19.4813	0
-19.4813	0
-19.4813	0
-19.5778	0
-19.5778	0
-19.5778	0
-19.5778	0
-19.5778	0
-19.5778	0
-19.5778	0
-19.5778	0
-19.5778	0
-19.5778	0
-19.5778	0
-19.5778	0
-19.5778	0
-19.5778	0
-19.5778	0
-19.5778	0
-19.5778	0
-19.5778	0
-19.5778	0
-19.5778	0
-19.5778	0
-19.5778	0
-19.5778	0
-19.5778	0
-19.5778	0
-19.5778	0
-19.5778	0
-28.1088	0
-28.1088	0
-28.1088	0
-28.1088	0
-28.1088	0
-28.1088	0
-28.1088	0
-28.1088	0
-28.1088	0
-28.1088	0
-28.1088	0
-28.1088	0
-28.1088	0
-28.1088	0
-28.1088	0
-28.1088	0
-28.1088	0
-28.1088	0
-28.1088	0
-28.1088	0
-28.1088	0
-28.1088	0
-28.1088	0
-20.8188	0
-20.8188	0
-20.8188	0
-20.8188	0
-20.8188	0
-20.8188	0
-20.8188	0
-20.8188	0
-20.8188	0
-20.8188	0
-20.8188	0
-20.8188	0
-20.8188	0
-20.8188	0
-20.8188	0
-20.8188	0
-20.8188	0
-20.8188	0
-20.8188	0
-28.1088	0
-28.1088	0
-28.1088	0
-28.1088	0
-28.1088	0
-28.1088	0
-28.1088	0
-28.1088	0
-19.5006	0
-19.5006	0
-19.5006	0
-19.5006	0
-19.5006	0
-19.5006	0
-19.5006	0
-19.5006	0
-19.5006	0
-19.5006	0
-19.5006	0
-19.5006	0
-19.5006	0
-19.5006	0
-19.7858	0
-19.7858	0
-19.7858	0
-19.7858	0
-19.7858	0
-19.7858	0
-19.7858	0
-19.7858	0
-19.7858	0
-19.7858	0
-19.7858	0
-19.7858	0
-20.8188	0
-20.8188	0
-39.0466	0
-19.5778	2.92E-07
-19.5778	-2.92E-07
-19.5778	0
-19.5778	0
-19.5006	0
-19.5006	0
-19.5006	0
-19.5006	0
-19.5006	0
-19.5006	0
-19.5006	0
-19.5006	0
-19.5006	0
-19.5006	0
-19.5006	0
-19.5006	0
-19.5006	0
-19.5006	0
-19.5006	0
-19.5006	0
-19.5006	0
-20.8188	0
-20.8188	0
-20.8188	0
-20.8188	0
-20.8188	0
-20.8188	0
-20.8188	0
-20.8188	0
-20.8188	0
-20.8188	0
-19.7858	0
-19.7858	0
-19.7858	0
-19.7858	0
-19.7858	0
-19.7858	0
-19.7858	0
-19.7858	0
-19.7858	0
-39.2546	0
-19.7852	0
-19.7858	0.000567534
-19.7858	-0.000567534
-19.7864	0
-19.7858	1.43E-07
-19.7858	-1.43E-07
-19.7858	2.05E-07
-19.7858	-2.05E-07
-19.7858	0
-19.7858	0
-40.2876	0
-47.5776	0
-38.9694	0
-38.7408	0
-19.3767	5.95E-05
-19.3767	-5.95E-05
-19.3766	0
-19.3766	2.30E-07
-19.3766	-2.30E-07
-19.3766	0
-19.3766	0
-19.3766	0
-19.3766	0
-19.3766	0
-19.3766	0
-19.3766	0
-19.3766	0
-19.3766	2.48E-07
-19.3766	-2.48E-07
-19.3766	0
-19.3766	0
-19.3766	0
-19.3766	0
-19.3766	1.78E-07
-19.3766	-1.78E-07
-19.3766	1.83E-07
-19.3766	-1.83E-07
-19.3766	0
-19.3766	0
-19.3766	4.81E-08
-19.3766	-4.81E-08
-19.3766	0
-19.3766	0
-19.3766	0
-19.3766	0
-19.4731	0
-19.4731	0
-19.4731	0
-19.4731	0
-19.4731	0
-19.4731	0
-19.4731	0
-19.4731	0
-19.4731	0
-19.4731	0
-19.4731	0
-19.4731	0
-19.4731	0
-19.4731	0
-19.4731	0
-19.4731	0
-19.4731	0
-19.4731	0
-19.4731	0
-19.4731	0
-19.4731	0
-19.4731	0
-19.4731	0
-19.4731	0
-19.4731	0
-19.4731	0
-19.4731	0
-28.0041	0
-28.0041	0
-28.0041	0
-28.0041	0
-28.0041	0
-28.0041	0
-28.0041	0
-28.0041	0
-28.0041	0
-28.0041	0
-28.0041	0
-28.0041	0
-28.0041	0
-28.0041	0
-28.0041	0
-28.0041	0
-28.0041	0
-28.0041	0
-28.0041	0
-28.0041	0
-28.0041	0
-28.0041	0
-28.0041	0
-20.7141	0
-20.7141	0
-20.7141	0
-20.7141	0
-20.7141	0
-20.7141	0
-20.7141	0
-20.7141	0
-20.7141	0
-20.7141	0
-20.7141	0
-20.7141	0
-20.7141	0
-20.7141	0
-20.7141	0
-20.7141	0
-20.7141	0
-20.7141	0
-20.7141	0
-28.0041	0
-28.0041	0
-28.0041	0
-28.0041	0
-28.0041	0
-28.0041	0
-28.0041	0
-28.0041	0
-19.3959	0
-19.3959	0
-19.3959	0
-19.3959	0
-19.3959	0
-19.3959	0
-19.3959	0
-19.3959	0
-19.3959	0
-19.3959	0
-19.3959	0
-19.3959	0
-19.3959	0
-19.3959	0
-19.6811	0
-19.6811	0
-19.6811	0
-19.6811	0
-19.6811	0
-19.6811	0
-19.6811	0
-19.6811	0
-19.6811	0
-19.6811	0
-19.6811	0
-19.6811	0
-20.7141	0
-20.7141	0
-38.8373	0
-19.4731	1.29E-07
-19.4731	-1.29E-07
-19.4731	0
-19.4731	0
-19.3959	0
-19.3959	0
-19.3959	0
-19.3959	0
-19.3959	0
-19.3959	0
-19.3959	0
-19.3959	0
-19.3959	0
-19.3959	0
-19.3959	0
-19.3959	0
-19.3959	0
-19.3959	0
-19.3959	0
-19.3959	0
-19.3959	0
-20.7141	0
-20.7141	0
-20.7141	0
-20.7141	0
-20.7141	0
-20.7141	0
-20.7141	0
-20.7141	0
-20.7141	0
-20.7141	0
-19.6811	0
-19.6811	0
-19.6811	0
-19.6811	0
-19.6811	0
-19.6811	0
-19.6811	0
-19.6811	0
-19.6811	0
-39.0453	0
-19.6811	1.24E-07
-19.6811	-1.24E-07
-19.6811	0
-19.6811	0
-19.6811	1.04E-07
-19.6811	-1.04E-07
-19.6811	0
-19.6811	0
-19.6811	0
-19.6811	0
-40.0783	0
-47.3683	0
-38.7601	0
-38.5314	0
-19.2721	0
-19.2719	0.000158679
-19.2719	-0.000158679
-19.272	6.03E-08
-19.272	-6.03E-08
-19.272	0
-19.272	0
-19.272	0
-19.272	0
-19.272	0
-19.272	0
-19.272	0
-19.272	0
-19.272	0
-19.272	0
-19.272	0
-19.272	0
-19.272	0
-19.272	0
-19.272	0
-19.272	0
-19.272	0
-19.272	0
-19.272	0
-19.272	0
-19.272	0
-19.272	0
-19.272	2.45E-07
-19.272	-2.45E-07
-19.272	2.05E-07
-19.272	-2.05E-07
-19.3685	0
-19.3685	0
-19.3685	0
-19.3685	0
-19.3685	0
-19.3685	0
-19.3685	0
-19.3685	0
-19.3685	0
-19.3685	0
-19.3685	0
-19.3685	0
-19.3685	0
-19.3685	0
-19.3685	0
-19.3685	0
-19.3685	0
-19.3685	0
-19.3685	0
-19.3685	0
-19.3685	0
-19.3685	0
-19.3685	0
-19.3685	0
-19.3685	0
-19.3685	0
-19.3685	0
-27.8995	0
-27.8995	0
-27.8995	0
-27.8995	0
-27.8995	0
-27.8995	0
-27.8995	0
-27.8995	0
-27.8995	0
-27.8995	0
-27.8995	0
-27.8995	0
-27.8995	0
-27.8995	0
-27.8995	0
-27.8995	0
-27.8995	0
-27.8995	0
-27.8995	0
-27.8995	0
-27.8995	0
-27.8995	0
-27.8995	0
-20.6095	0
-20.6095	0
-20.6095	0
-20.6095	0
-20.6095	0
-20.6095	0
-20.6095	0
-20.6095	0
-20.6095	0
-20.6095	0
-20.6095	0
-20.6095	0
-20.6095	0
-20.6095	0
-20.6095	0
-20.6095	0
-20.6095	0
-20.6095	0
-20.6095	0
-27.8995	0
-27.8995	0
-27.8995	0
-27.8995	0
-27.8995	0
-27.8995	0
-27.8995	0
-27.8995	0
-19.2913	0
-19.2913	0
-19.2913	0
-19.2913	0
-19.2913	0
-19.2913	0
-19.2913	0
-19.2913	0
-19.2913	0
-19.2913	0
-19.2913	0
-19.2913	0
-19.2913	0
-19.2913	0
-19.5765	0
-19.5765	0
-19.5765	0
-19.5765	0
-19.5765	0
-19.5765	0
-19.5765	0
-19.5765	0
-19.5765	0
-19.5765	0
-19.5765	0
-19.5765	0
-20.6095	0
-20.6095	0
-38.6279	0
-19.3685	3.43E-07
-19.3685	-3.43E-07
-19.3685	0
-19.3685	0
-19.2913	0
-19.2913	0
-19.2913	0
-19.2913	0
-19.2913	0
-19.2913	0
-19.2913	0
-19.2913	0
-19.2913	0
-19.2913	0
-19.2913	0
-19.2913	0
-19.2913	0
-19.2913	0
-19.2913	0
-19.2913	0
-19.2913	0
-20.6095	0
-20.6095	0
-20.6095	0
-20.6095	0
-20.6095	0
-20.6095	0
-20.6095	0
-20.6095	0
-20.6095	0
-20.6095	0
-19.5765	0
-19.5765	0
-19.5765	0
-19.5765	0
-19.5765	0
-19.5765	0
-19.5765	0
-19.5765	0
-19.5765	0
-38.8359	0
-19.5765	6.10E-07
-19.5765	-6.10E-07
-19.5765	0
-19.5765	0
-19.5765	0
-19.5765	0
-19.5765	1.46E-07
-19.5765	-1.46E-07
-19.5765	0
-19.5765	0
-39.8689	0
-47.1589	0
-38.5507	0
0	0
