-14.6392	0
-7.32586	3.93E-05
-7.32586	-3.93E-05
-7.3258	0
-7.32584	6.52E-08
-7.32584	-6.52E-08
-7.32584	5.42E-08
-7.32584	-5.42E-08
-7.32584	9.11E-08
-7.32584	-9.11E-08
-7.32584	9.95E-08
-7.32584	-9.95E-08
-7.32584	0
-7.32584	0
-7.32584	5.53E-08
-7.32584	-5.53E-08
-7.32584	0
-7.32584	0
-7.32584	0
-7.32584	0
-7.32584	0
-7.32584	0
-7.32584	0
-7.32584	0
-7.32584	0
-7.32584	0
-7.32584	4.55E-08
-7.32584	-4.55E-08
-7.32584	0
-7.32584	0
-7.32584	0
-7.32584	0
-7.42234	0
-7.42234	0
-7.42234	0
-7.42234	0
-7.42234	0
-7.42234	0
-7.42234	0
-7.42234	0
-7.42234	0
-7.42234	0
-7.42234	0
-7.42234	0
-7.42234	0
-7.42234	0
-7.42234	0
-7.42234	0
-7.42234	0
-7.42234	0
-7.42234	0
-7.42234	0
-7.42234	0
-7.42234	0
-7.42234	0
-7.42234	0
-7.42234	0
-7.42234	0
-7.42234	0
-15.9533	0
-15.9533	0
-15.9533	0
-15.9533	0
-15.9533	0
-15.9533	0
-15.9533	0
-15.9533	0
-15.9533	0
-15.9533	0
-15.9533	0
-15.9533	0
-15.9533	0
-15.9533	0
-15.9533	0
-15.9533	0
-15.9533	0
-15.9533	0
-15.9533	0
-15.9533	0
-15.9533	0
-15.9533	0
-15.9533	0
-8.66334	0
-8.66334	0
-8.66334	0
-8.66334	0
-8.66334	0
-8.66334	0
-8.66334	0
-8.66334	0
-8.66334	0
-8.66334	0
-8.66334	0
-8.66334	0
-8.66334	0
-8.66334	0
-8.66334	0
-8.66334	0
-8.66334	0
-8.66334	0
-8.66334	0
-15.9533	0
-15.9533	0
-15.9533	0
-15.9533	0
-15.9533	0
-15.9533	0
-15.9533	0
-15.9533	0
-7.34514	0
-7.34514	0
-7.34514	0
-7.34514	0
-7.34514	0
-7.34514	0
-7.34514	0
-7.34514	0
-7.34514	0
-7.34514	0
-7.34514	0
-7.34514	0
-7.34514	0
-7.34514	0
-7.63034	0
-7.63034	0
-7.63034	0
-7.63034	0
-7.63034	0
-7.63034	0
-7.63034	0
-7.63034	0
-7.63034	0
-7.63034	0
-7.63034	0
-7.63034	0
-8.66334	0
-8.66334	0
-14.7357	0
-7.42234	0
-7.42234	0
-7.42234	0
-7.42234	0
-7.34514	0
-7.34514	0
-7.34514	0
-7.34514	0
-7.34514	0
-7.34514	0
-7.34514	0
-7.34514	0
-7.34514	0
-7.34514	0
-7.34514	0
-7.34514	0
-7.34514	0
-7.34514	0
-7.34514	0
-7.34514	0
-7.34514	0
-8.66334	0
-8.66334	0
-8.66334	0
-8.66334	0
-8.66334	0
-8.66334	0
-8.66334	0
-8.66334	0
-8.66334	0
-8.66334	0
-7.63034	0
-7.63034	0
-7.63034	0
-7.63034	0
-7.63034	0
-7.63034	0
-7.63034	0
-7.63034	0
-7.63034	0
-14.9437	0
-7.63034	2.77E-08
-7.63034	-2.77E-08
-7.63034	0
-7.63034	0
-7.63034	4.17E-08
-7.63034	-4.17E-08
-7.63034	0
-7.63034	0
-7.63034	1.14E-07
-7.63034	-1.14E-07
-15.9767	0
-23.2667	0
-14.6585	0
-16.3412	0
-8.1768	0
-8.17685	3.21E-05
-8.17685	-3.21E-05
-8.17684	8.01E-08
-8.17684	-8.01E-08
-8.17684	1.68E-07
-8.17684	-1.68E-07
-8.17684	6.84E-08
-8.17684	-6.84E-08
-8.17684	1.17E-07
-8.17684	-1.17E-07
-8.17684	1.02E-07
-8.17684	-1.02E-07
-8.17684	0
-8.17684	0
-8.17684	1.54E-07
-8.17684	-1.54E-07
-8.17684	1.31E-07
-8.17684	-1.31E-07
-8.17684	0
-8.17684	0
-8.17684	1.25E-07
-8.17684	-1.25E-07
-8.17684	0
-8.17684	0
-8.17684	5.08E-08
-8.17684	-5.08E-08
-8.17684	2.19E-08
-8.17684	-2.19E-08
-8.17684	1.14E-07
-8.17684	-1.14E-07
-8.27334	0
-8.27334	0
-8.27334	0
-8.27334	0
-8.27334	0
-8.27334	0
-8.27334	0
-8.27334	0
-8.27334	0
-8.27334	0
-8.27334	0
-8.27334	0
-8.27334	0
-8.27334	0
-8.27334	0
-8.27334	0
-8.27334	0
-8.27334	0
-8.27334	0
-8.27334	0
-8.27334	0
-8.27334	0
-8.27334	0
-8.27334	0
-8.27334	0
-8.27334	0
-8.27334	0
-16.8043	0
-16.8043	0
-16.8043	0
-16.8043	0
-16.8043	0
-16.8043	0
-16.8043	0
-16.8043	0
-16.8043	0
-16.8043	0
-16.8043	0
-16.8043	0
-16.8043	0
-16.8043	0
-16.8043	0
-16.8043	0
-16.8043	0
-16.8043	0
-16.8043	0
-16.8043	0
-16.8043	0
-16.8043	0
-16.8043	0
-9.51434	0
-9.51434	0
-9.51434	0
-9.51434	0
-9.51434	0
-9.51434	0
-9.51434	0
-9.51434	0
-9.51434	0
-9.51434	0
-9.51434	0
-9.51434	0
-9.51434	0
-9.51434	0
-9.51434	0
-9.51434	0
-9.51434	0
-9.51434	0
-9.51434	0
-16.8043	0
-16.8043	0
-16.8043	0
-16.8043	0
-16.8043	0
-16.8043	0
-16.8043	0
-16.8043	0
-8.19614	0
-8.19614	0
-8.19614	0
-8.19614	0
-8.19614	0
-8.19614	0
-8.19614	0
-8.19614	0
-8.19614	0
-8.19614	0
-8.19614	0
-8.19614	0
-8.19614	0
-8.19614	0
-8.48134	0
-8.48134	0
-8.48134	0
-8.48134	0
-8.48134	0
-8.48134	0
-8.48134	0
-8.48134	0
-8.48134	0
-8.48134	0
-8.48134	0
-8.48134	0
-9.51434	0
-9.51434	0
-16.4377	0
-8.2736	0
-8.27334	0.000260615
-8.27334	-0.000260615
-8.27307	0
-8.19614	0
-8.19614	0
-8.19614	0
-8.19614	0
-8.19614	0
-8.19614	0
-8.19614	0
-8.19614	0
-8.19614	0
-8.19614	0
-8.19614	0
-8.19614	0
-8.19614	0
-8.19614	0
-8.19614	0
-8.19614	0
-8.19614	0
-9.51434	0
-9.51434	0
-9.51434	0
-9.51434	0
-9.51434	0
-9.51434	0
-9.51434	0
-9.51434	0
-9.51434	0
-9.51434	0
-8.48134	0
-8.48134	0
-8.48134	0
-8.48134	0
-8.48134	0
-8.48134	0
-8.48134	0
-8.48134	0
-8.48134	0
-16.6457	0
-8.4814	6.82E-05
-8.4814	-6.82E-05
-8.48127	6.60E-05
-8.48127	-6.60E-05
-8.48134	0
-8.48134	0
-8.48134	2.19E-08
-8.48134	-2.19E-08
-8.48134	8.67E-08
-8.48134	-8.67E-08
-17.6787	0
-24.9687	0
-16.3605	0
-17.1785	0
-8.59556	0
-8.5955	3.63E-05
-8.5955	-3.63E-05
-8.59552	0
-8.59552	0
-8.59552	1.88E-08
-8.59552	-1.88E-08
-8.59552	3.65E-08
-8.59552	-3.65E-08
-8.59552	1.18E-07
-8.59552	-1.18E-07
-8.59552	1.62E-07
-8.59552	-1.62E-07
-8.59552	0
-8.59552	0
-8.59552	9.63E-08
-8.59552	-9.63E-08
-8.59552	1.24E-07
-8.59552	-1.24E-07
-8.59552	7.94E-08
-8.59552	-7.94E-08
-8.59552	0
-8.59552	0
-8.59552	0
-8.59552	0
-8.59552	9.00E-08
-8.59552	-9.00E-08
-8.59552	0
-8.59552	0
-8.59552	0
-8.59552	0
-8.69202	0
-8.69202	0
-8.69202	0
-8.69202	0
-8.69202	0
-8.69202	0
-8.69202	0
-8.69202	0
-8.69202	0
-8.69202	0
-8.69202	0
-8.69202	0
-8.69202	0
-8.69202	0
-8.69202	0
-8.69202	0
-8.69202	0
-8.69202	0
-8.69202	0
-8.69202	0
-8.69202	0
-8.69202	0
-8.69202	0
-8.69202	0
-8.69202	0
-8.69202	0
-8.69202	0
-17.223	0
-17.223	0
-17.223	0
-17.223	0
-17.223	0
-17.223	0
-17.223	0
-17.223	0
-17.223	0
-17.223	0
-17.223	0
-17.223	0
-17.223	0
-17.223	0
-17.223	0
-17.223	0
-17.223	0
-17.223	0
-17.223	0
-17.223	0
-17.223	0
-17.223	0
-17.223	0
-9.93302	0
-9.93302	0
-9.93302	0
-9.93302	0
-9.93302	0
-9.93302	0
-9.93302	0
-9.93302	0
-9.93302	0
-9.93302	0
-9.93302	0
-9.93302	0
-9.93302	0
-9.93302	0
-9.93302	0
-9.93302	0
-9.93302	0
-9.93302	0
-9.93302	0
-17.223	0
-17.223	0
-17.223	0
-17.223	0
-17.223	0
-17.223	0
-17.223	0
-17.223	0
-8.61482	0
-8.61482	0
-8.61482	0
-8.61482	0
-8.61482	0
-8.61482	0
-8.61482	0
-8.61482	0
-8.61482	0
-8.61482	0
-8.61482	0
-8.61482	0
-8.61482	0
-8.61482	0
-8.90002	0
-8.90002	0
-8.90002	0
-8.90002	0
-8.90002	0
-8.90002	0
-8.90002	0
-8.90002	0
-8.90002	0
-8.90002	0
-8.90002	0
-8.90002	0
-9.93302	0
-9.93302	0
-17.275	0
-8.69202	1.27E-07
-8.69202	-1.27E-07
-8.69202	0
-8.69202	0
-8.61482	0
-8.61482	0
-8.61482	0
-8.61482	0
-8.61482	0
-8.61482	0
-8.61482	0
-8.61482	0
-8.61482	0
-8.61482	0
-8.61482	0
-8.61482	0
-8.61482	0
-8.61482	0
-8.61482	0
-8.61482	0
-8.61482	0
-9.93302	0
-9.93302	0
-9.93302	0
-9.93302	0
-9.93302	0
-9.93302	0
-9.93302	0
-9.93302	0
-9.93302	0
-9.93302	0
-8.90002	0
-8.90002	0
-8.90002	0
-8.90002	0
-8.90002	0
-8.90002	0
-8.90002	0
-8.90002	0
-8.90002	0
-17.483	0
-8.90002	2.34E-07
-8.90002	-2.34E-07
-8.90002	0
-8.90002	0
-8.90002	9.76E-08
-8.90002	-9.76E-08
-8.90002	0
-8.90002	0
-8.90002	0
-8.90002	0
-18.516	0
-25.806	0
-17.1978	0
-15.6434	0
-7.82795	2.72E-05
-7.82795	-2.72E-05
-7.8279	0
-7.82793	4.57E-08
-7.82793	-4.57E-08
-7.82793	0
-7.82793	0
-7.82793	0
-7.82793	0
-7.82793	1.26E-08
-7.82793	-1.26E-08
-7.82793	0
-7.82793	0
-7.82793	5.99E-08
-7.82793	-5.99E-08
-7.82793	0
-7.82793	0
-7.82793	1.06E-07
-7.82793	-1.06E-07
-7.82793	1.44E-07
-7.82793	-1.44E-07
-7.82793	1.76E-07
-7.82793	-1.76E-07
-7.82793	8.74E-08
-7.82793	-8.74E-08
-7.82793	3.95E-08
-7.82793	-3.95E-08
-7.82793	2.56E-08
-7.82793	-2.56E-08
-7.82793	7.68E-08
-7.82793	-7.68E-08
-7.92443	0
-7.92443	0
-7.92443	0
-7.92443	0
-7.92443	0
-7.92443	0
-7.92443	0
-7.92443	0
-7.92443	0
-7.92443	0
-7.92443	0
-7.92443	0
-7.92443	0
-7.92443	0
-7.92443	0
-7.92443	0
-7.92443	0
-7.92443	0
-7.92443	0
-7.92443	0
-7.92443	0
-7.92443	0
-7.92443	0
-7.92443	0
-7.92443	0
-7.92443	0
-7.92443	0
-16.4554	0
-16.4554	0
-16.4554	0
-16.4554	0
-16.4554	0
-16.4554	0
-16.4554	0
-16.4554	0
-16.4554	0
-16.4554	0
-16.4554	0
-16.4554	0
-16.4554	0
-16.4554	0
-16.4554	0
-16.4554	0
-16.4554	0
-16.4554	0
-16.4554	0
-16.4554	0
-16.4554	0
-16.4554	0
-16.4554	0
-9.16543	0
-9.16543	0
-9.16543	0
-9.16543	0
-9.16543	0
-9.16543	0
-9.16543	0
-9.16543	0
-9.16543	0
-9.16543	0
-9.16543	0
-9.16543	0
-9.16543	0
-9.16543	0
-9.16543	0
-9.16543	0
-9.16543	0
-9.16543	0
-9.16543	0
-16.4554	0
-16.4554	0
-16.4554	0
-16.4554	0
-16.4554	0
-16.4554	0
-16.4554	0
-16.4554	0
-7.84723	0
-7.84723	0
-7.84723	0
-7.84723	0
-7.84723	0
-7.84723	0
-7.84723	0
-7.84723	0
-7.84723	0
-7.84723	0
-7.84723	0
-7.84723	0
-7.84723	0
-7.84723	0
-8.13243	0
-8.13243	0
-8.13243	0
-8.13243	0
-8.13243	0
-8.13243	0
-8.13243	0
-8.13243	0
-8.13243	0
-8.13243	0
-8.13243	0
-8.13243	0
-9.16543	0
-9.16543	0
-15.7399	0
-7.9246	0.000172084
-7.9246	-0.000172084
-7.92426	0.00017189
-7.92426	-0.00017189
-7.84723	0
-7.84723	0
-7.84723	0
-7.84723	0
-7.84723	0
-7.84723	0
-7.84723	0
-7.84723	0
-7.84723	0
-7.84723	0
-7.84723	0
-7.84723	0
-7.84723	0
-7.84723	0
-7.84723	0
-7.84723	0
-7.84723	0
-9.16543	0
-9.16543	0
-9.16543	0
-9.16543	0
-9.16543	0
-9.16543	0
-9.16543	0
-9.16543	0
-9.16543	0
-9.16543	0
-8.13243	0
-8.13243	0
-8.13243	0
-8.13243	0
-8.13243	0
-8.13243	0
-8.13243	0
-8.13243	0
-8.13243	0
-15.9479	0
-8.13263	0.000196458
-8.13263	-0.000196458
-8.13224	0.000196072
-8.13224	-0.000196072
-8.13243	0
-8.13243	0
-8.13243	1.70E-07
-8.13243	-1.70E-07
-8.13243	9.92E-08
-8.13243	-9.92E-08
-16.9809	0
-24.2709	0
-15.6627	0
-14.6664	0
-7.33948	2.60E-05
-7.33948	-2.60E-05
-7.33944	0
-7.33947	0
-7.33947	0
-7.33947	0
-7.33947	0
-7.33947	1.26E-07
-7.33947	-1.26E-07
-7.33947	0
-7.33947	0
-7.33947	1.84E-08
-7.33947	-1.84E-08
-7.33947	5.43E-08
-7.33947	-5.43E-08
-7.33947	0
-7.33947	0
-7.33947	0
-7.33947	0
-7.33947	0
-7.33947	0
-7.33947	1.18E-07
-7.33947	-1.18E-07
-7.33947	0
-7.33947	0
-7.33947	1.25E-07
-7.33947	-1.25E-07
-7.33947	0
-7.33947	0
-7.33947	8.82E-08
-7.33947	-8.82E-08
-7.43597	0
-7.43597	0
-7.43597	0
-7.43597	0
-7.43597	0
-7.43597	0
-7.43597	0
-7.43597	0
-7.43597	0
-7.43597	0
-7.43597	0
-7.43597	0
-7.43597	0
-7.43597	0
-7.43597	0
-7.43597	0
-7.43597	0
-7.43597	0
-7.43597	0
-7.43597	0
-7.43597	0
-7.43597	0
-7.43597	0
-7.43597	0
-7.43597	0
-7.43597	0
-7.43597	0
-15.967	0
-15.967	0
-15.967	0
-15.967	0
-15.967	0
-15.967	0
-15.967	0
-15.967	0
-15.967	0
-15.967	0
-15.967	0
-15.967	0
-15.967	0
-15.967	0
-15.967	0
-15.967	0
-15.967	0
-15.967	0
-15.967	0
-15.967	0
-15.967	0
-15.967	0
-15.967	0
-8.67697	0
-8.67697	0
-8.67697	0
-8.67697	0
-8.67697	0
-8.67697	0
-8.67697	0
-8.67697	0
-8.67697	0
-8.67697	0
-8.67697	0
-8.67697	0
-8.67697	0
-8.67697	0
-8.67697	0
-8.67697	0
-8.67697	0
-8.67697	0
-8.67697	0
-15.967	0
-15.967	0
-15.967	0
-15.967	0
-15.967	0
-15.967	0
-15.967	0
-15.967	0
-7.35877	0
-7.35877	0
-7.35877	0
-7.35877	0
-7.35877	0
-7.35877	0
-7.35877	0
-7.35877	0
-7.35877	0
-7.35877	0
-7.35877	0
-7.35877	0
-7.35877	0
-7.35877	0
-7.64397	0
-7.64397	0
-7.64397	0
-7.64397	0
-7.64397	0
-7.64397	0
-7.64397	0
-7.64397	0
-7.64397	0
-7.64397	0
-7.64397	0
-7.64397	0
-8.67697	0
-8.67697	0
-14.7629	0
-7.43597	0
-7.43597	0
-7.43597	1.41E-07
-7.43597	-1.41E-07
-7.35877	0
-7.35877	0
-7.35877	0
-7.35877	0
-7.35877	0
-7.35877	0
-7.35877	0
-7.35877	0
-7.35877	0
-7.35877	0
-7.35877	0
-7.35877	0
-7.35877	0
-7.35877	0
-7.35877	0
-7.35877	0
-7.35877	0
-8.67697	0
-8.67697	0
-8.67697	0
-8.67697	0
-8.67697	0
-8.67697	0
-8.67697	0
-8.67697	0
-8.67697	0
-8.67697	0
-7.64397	0
-7.64397	0
-7.64397	0
-7.64397	0
-7.64397	0
-7.64397	0
-7.64397	0
-7.64397	0
-7.64397	0
-14.9709	0
-7.64403	6.44E-05
-7.64403	-6.44E-05
-7.6439	6.22E-05
-7.6439	-6.22E-05
-7.64397	0
-7.64397	0
-7.64397	1.22E-07
-7.64397	-1.22E-07
-7.64397	0
-7.64397	0
-16.0039	0
-23.2939	0
-14.6857	0
-14.3175	0
-7.16503	2.87E-05
-7.16503	-2.87E-05
-7.16498	0
-7.16502	1.24E-07
-7.16502	-1.24E-07
-7.16502	0
-7.16502	0
-7.16502	0
-7.16502	0
-7.16502	5.40E-08
-7.16502	-5.40E-08
-7.16502	8.10E-08
-7.16502	-8.10E-08
-7.16502	0
-7.16502	0
-7.16502	2.73E-08
-7.16502	-2.73E-08
-7.16502	0
-7.16502	0
-7.16502	0
-7.16502	0
-7.16502	0
-7.16502	0
-7.16502	1.33E-07
-7.16502	-1.33E-07
-7.16502	1.27E-07
-7.16502	-1.27E-07
-7.16502	0
-7.16502	0
-7.16502	0
-7.16502	0
-7.26152	0
-7.26152	0
-7.26152	0
-7.26152	0
-7.26152	0
-7.26152	0
-7.26152	0
-7.26152	0
-7.26152	0
-7.26152	0
-7.26152	0
-7.26152	0
-7.26152	0
-7.26152	0
-7.26152	0
-7.26152	0
-7.26152	0
-7.26152	0
-7.26152	0
-7.26152	0
-7.26152	0
-7.26152	0
-7.26152	0
-7.26152	0
-7.26152	0
-7.26152	0
-7.26152	0
-15.7925	0
-15.7925	0
-15.7925	0
-15.7925	0
-15.7925	0
-15.7925	0
-15.7925	0
-15.7925	0
-15.7925	0
-15.7925	0
-15.7925	0
-15.7925	0
-15.7925	0
-15.7925	0
-15.7925	0
-15.7925	0
-15.7925	0
-15.7925	0
-15.7925	0
-15.7925	0
-15.7925	0
-15.7925	0
-15.7925	0
-8.50252	0
-8.50252	0
-8.50252	0
-8.50252	0
-8.50252	0
-8.50252	0
-8.50252	0
-8.50252	0
-8.50252	0
-8.50252	0
-8.50252	0
-8.50252	0
-8.50252	0
-8.50252	0
-8.50252	0
-8.50252	0
-8.50252	0
-8.50252	0
-8.50252	0
-15.7925	0
-15.7925	0
-15.7925	0
-15.7925	0
-15.7925	0
-15.7925	0
-15.7925	0
-15.7925	0
-7.18432	0
-7.18432	0
-7.18432	0
-7.18432	0
-7.18432	0
-7.18432	0
-7.18432	0
-7.18432	0
-7.18432	0
-7.18432	0
-7.18432	0
-7.18432	0
-7.18432	0
-7.18432	0
-7.46952	0
-7.46952	0
-7.46952	0
-7.46952	0
-7.46952	0
-7.46952	0
-7.46952	0
-7.46952	0
-7.46952	0
-7.46952	0
-7.46952	0
-7.46952	0
-8.50252	0
-8.50252	0
-14.414	0
-7.26152	1.20E-07
-7.26152	-1.20E-07
-7.26152	0
-7.26152	0
-7.18432	0
-7.18432	0
-7.18432	0
-7.18432	0
-7.18432	0
-7.18432	0
-7.18432	0
-7.18432	0
-7.18432	0
-7.18432	0
-7.18432	0
-7.18432	0
-7.18432	0
-7.18432	0
-7.18432	0
-7.18432	0
-7.18432	0
-8.50252	0
-8.50252	0
-8.50252	0
-8.50252	0
-8.50252	0
-8.50252	0
-8.50252	0
-8.50252	0
-8.50252	0
-8.50252	0
-7.46952	0
-7.46952	0
-7.46952	0
-7.46952	0
-7.46952	0
-7.46952	0
-7.46952	0
-7.46952	0
-7.46952	0
-14.622	0
-7.46967	0.000149586
-7.46967	-0.000149586
-7.46937	0.000149202
-7.46937	-0.000149202
-7.46952	0
-7.46952	0
-7.46952	0
-7.46952	0
-7.46952	7.59E-08
-7.46952	-7.59E-08
-15.655	0
-22.945	0
-14.3368	0
-13.6197	0
-6.81613	3.04E-05
-6.81613	-3.04E-05
-6.81608	0
-6.81611	0
-6.81611	0
-6.81611	1.01E-07
-6.81611	-1.01E-07
-6.81611	1.21E-07
-6.81611	-1.21E-07
-6.81611	0
-6.81611	0
-6.81611	1.53E-07
-6.81611	-1.53E-07
-6.81611	0
-6.81611	0
-6.81611	8.46E-08
-6.81611	-8.46E-08
-6.81611	0
-6.81611	0
-6.81611	0
-6.81611	0
-6.81611	0
-6.81611	0
-6.81611	0
-6.81611	0
-6.81611	1.05E-07
-6.81611	-1.05E-07
-6.81611	7.51E-08
-6.81611	-7.51E-08
-6.81611	4.73E-08
-6.81611	-4.73E-08
-6.91261	0
-6.91261	0
-6.91261	0
-6.91261	0
-6.91261	0
-6.91261	0
-6.91261	0
-6.91261	0
-6.91261	0
-6.91261	0
-6.91261	0
-6.91261	0
-6.91261	0
-6.91261	0
-6.91261	0
-6.91261	0
-6.91261	0
-6.91261	0
-6.91261	0
-6.91261	0
-6.91261	0
-6.91261	0
-6.91261	0
-6.91261	0
-6.91261	0
-6.91261	0
-6.91261	0
-15.4436	0
-15.4436	0
-15.4436	0
-15.4436	0
-15.4436	0
-15.4436	0
-15.4436	0
-15.4436	0
-15.4436	0
-15.4436	0
-15.4436	0
-15.4436	0
-15.4436	0
-15.4436	0
-15.4436	0
-15.4436	0
-15.4436	0
-15.4436	0
-15.4436	0
-15.4436	0
-15.4436	0
-15.4436	0
-15.4436	0
-8.15361	0
-8.15361	0
-8.15361	0
-8.15361	0
-8.15361	0
-8.15361	0
-8.15361	0
-8.15361	0
-8.15361	0
-8.15361	0
-8.15361	0
-8.15361	0
-8.15361	0
-8.15361	0
-8.15361	0
-8.15361	0
-8.15361	0
-8.15361	0
-8.15361	0
-15.4436	0
-15.4436	0
-15.4436	0
-15.4436	0
-15.4436	0
-15.4436	0
-15.4436	0
-15.4436	0
-6.83541	0
-6.83541	0
-6.83541	0
-6.83541	0
-6.83541	0
-6.83541	0
-6.83541	0
-6.83541	0
-6.83541	0
-6.83541	0
-6.83541	0
-6.83541	0
-6.83541	0
-6.83541	0
-7.12061	0
-7.12061	0
-7.12061	0
-7.12061	0
-7.12061	0
-7.12061	0
-7.12061	0
-7.12061	0
-7.12061	0
-7.12061	0
-7.12061	0
-7.12061	0
-8.15361	0
-8.15361	0
-13.7162	0
-6.91261	0
-6.91261	0
-6.91261	7.72E-08
-6.91261	-7.72E-08
-6.83541	0
-6.83541	0
-6.83541	0
-6.83541	0
-6.83541	0
-6.83541	0
-6.83541	0
-6.83541	0
-6.83541	0
-6.83541	0
-6.83541	0
-6.83541	0
-6.83541	0
-6.83541	0
-6.83541	0
-6.83541	0
-6.83541	0
-8.15361	0
-8.15361	0
-8.15361	0
-8.15361	0
-8.15361	0
-8.15361	0
-8.15361	0
-8.15361	0
-8.15361	0
-8.15361	0
-7.12061	0
-7.12061	0
-7.12061	0
-7.12061	0
-7.12061	0
-7.12061	0
-7.12061	0
-7.12061	0
-7.12061	0
-13.9242	0
-7.12068	0
-7.12061	6.96E-05
-7.12061	-6.96E-05
-7.12054	0
-7.12061	0
-7.12061	0
-7.12061	0
-7.12061	0
-7.12061	0
-7.12061	0
-14.9572	0
-22.2472	0
-13.639	0
-13.4802	0
-6.74635	0
-6.74632	1.69E-05
-6.74632	-1.69E-05
-6.74633	0
-6.74633	0
-6.74633	0
-6.74633	0
-6.74633	1.09E-07
-6.74633	-1.09E-07
-6.74633	0
-6.74633	0
-6.74633	1.02E-07
-6.74633	-1.02E-07
-6.74633	4.53E-08
-6.74633	-4.53E-08
-6.74633	0
-6.74633	0
-6.74633	0
-6.74633	0
-6.74633	1.05E-07
-6.74633	-1.05E-07
-6.74633	1.16E-07
-6.74633	-1.16E-07
-6.74633	1.56E-07
-6.74633	-1.56E-07
-6.74633	7.26E-08
-6.74633	-7.26E-08
-6.74633	1.02E-07
-6.74633	-1.02E-07
-6.74633	1.05E-07
-6.74633	-1.05E-07
-6.84283	0
-6.84283	0
-6.84283	0
-6.84283	0
-6.84283	0
-6.84283	0
-6.84283	0
-6.84283	0
-6.84283	0
-6.84283	0
-6.84283	0
-6.84283	0
-6.84283	0
-6.84283	0
-6.84283	0
-6.84283	0
-6.84283	0
-6.84283	0
-6.84283	0
-6.84283	0
-6.84283	0
-6.84283	0
-6.84283	0
-6.84283	0
-6.84283	0
-6.84283	0
-6.84283	0
-15.3738	0
-15.3738	0
-15.3738	0
-15.3738	0
-15.3738	0
-15.3738	0
-15.3738	0
-15.3738	0
-15.3738	0
-15.3738	0
-15.3738	0
-15.3738	0
-15.3738	0
-15.3738	0
-15.3738	0
-15.3738	0
-15.3738	0
-15.3738	0
-15.3738	0
-15.3738	0
-15.3738	0
-15.3738	0
-15.3738	0
-8.08383	0
-8.08383	0
-8.08383	0
-8.08383	0
-8.08383	0
-8.08383	0
-8.08383	0
-8.08383	0
-8.08383	0
-8.08383	0
-8.08383	0
-8.08383	0
-8.08383	0
-8.08383	0
-8.08383	0
-8.08383	0
-8.08383	0
-8.08383	0
-8.08383	0
-15.3738	0
-15.3738	0
-15.3738	0
-15.3738	0
-15.3738	0
-15.3738	0
-15.3738	0
-15.3738	0
-6.76563	0
-6.76563	0
-6.76563	0
-6.76563	0
-6.76563	0
-6.76563	0
-6.76563	0
-6.76563	0
-6.76563	0
-6.76563	0
-6.76563	0
-6.76563	0
-6.76563	0
-6.76563	0
-7.05083	0
-7.05083	0
-7.05083	0
-7.05083	0
-7.05083	0
-7.05083	0
-7.05083	0
-7.05083	0
-7.05083	0
-7.05083	0
-7.05083	0
-7.05083	0
-8.08383	0
-8.08383	0
-13.5767	0
-6.84283	0
-6.84283	0
-6.84283	1.15E-07
-6.84283	-1.15E-07
-6.76563	0
-6.76563	0
-6.76563	0
-6.76563	0
-6.76563	0
-6.76563	0
-6.76563	0
-6.76563	0
-6.76563	0
-6.76563	0
-6.76563	0
-6.76563	0
-6.76563	0
-6.76563	0
-6.76563	0
-6.76563	0
-6.76563	0
-8.08383	0
-8.08383	0
-8.08383	0
-8.08383	0
-8.08383	0
-8.08383	0
-8.08383	0
-8.08383	0
-8.08383	0
-8.08383	0
-7.05083	0
-7.05083	0
-7.05083	0
-7.05083	0
-7.05083	0
-7.05083	0
-7.05083	0
-7.05083	0
-7.05083	0
-13.7847	0
-7.0509	0
-7.05083	6.96E-05
-7.05083	-6.96E-05
-7.05076	0
-7.05083	0
-7.05083	0
-7.05083	0
-7.05083	0
-7.05083	0
-7.05083	0
-14.8177	0
-22.1077	0
-13.4995	0
-13.2708	0
-6.64168	0
-6.64165	1.28E-05
-6.64165	-1.28E-05
-6.64166	9.11E-08
-6.64166	-9.11E-08
-6.64166	1.04E-07
-6.64166	-1.04E-07
-6.64166	7.85E-08
-6.64166	-7.85E-08
-6.64166	0
-6.64166	0
-6.64166	0
-6.64166	0
-6.64166	8.13E-08
-6.64166	-8.13E-08
-6.64166	6.31E-08
-6.64166	-6.31E-08
-6.64166	0
-6.64166	0
-6.64166	0
-6.64166	0
-6.64166	0
-6.64166	0
-6.64166	3.51E-08
-6.64166	-3.51E-08
-6.64166	3.57E-08
-6.64166	-3.57E-08
-6.64166	9.96E-08
-6.64166	-9.96E-08
-6.64166	0
-6.64166	0
-6.73816	0
-6.73816	0
-6.73816	0
-6.73816	0
-6.73816	0
-6.73816	0
-6.73816	0
-6.73816	0
-6.73816	0
-6.73816	0
-6.73816	0
-6.73816	0
-6.73816	0
-6.73816	0
-6.73816	0
-6.73816	0
-6.73816	0
-6.73816	0
-6.73816	0
-6.73816	0
-6.73816	0
-6.73816	0
-6.73816	0
-6.73816	0
-6.73816	0
-6.73816	0
-6.73816	0
-15.2692	0
-15.2692	0
-15.2692	0
-15.2692	0
-15.2692	0
-15.2692	0
-15.2692	0
-15.2692	0
-15.2692	0
-15.2692	0
-15.2692	0
-15.2692	0
-15.2692	0
-15.2692	0
-15.2692	0
-15.2692	0
-15.2692	0
-15.2692	0
-15.2692	0
-15.2692	0
-15.2692	0
-15.2692	0
-15.2692	0
-7.97916	0
-7.97916	0
-7.97916	0
-7.97916	0
-7.97916	0
-7.97916	0
-7.97916	0
-7.97916	0
-7.97916	0
-7.97916	0
-7.97916	0
-7.97916	0
-7.97916	0
-7.97916	0
-7.97916	0
-7.97916	0
-7.97916	0
-7.97916	0
-7.97916	0
-15.2692	0
-15.2692	0
-15.2692	0
-15.2692	0
-15.2692	0
-15.2692	0
-15.2692	0
-15.2692	0
-6.66096	0
-6.66096	0
-6.66096	0
-6.66096	0
-6.66096	0
-6.66096	0
-6.66096	0
-6.66096	0
-6.66096	0
-6.66096	0
-6.66096	0
-6.66096	0
-6.66096	0
-6.66096	0
-6.94616	0
-6.94616	0
-6.94616	0
-6.94616	0
-6.94616	0
-6.94616	0
-6.94616	0
-6.94616	0
-6.94616	0
-6.94616	0
-6.94616	0
-6.94616	0
-7.97916	0
-7.97916	0
-13.3673	0
-6.73832	0.000160911
-6.73832	-0.000160911
-6.738	0.000160708
-6.738	-0.000160708
-6.66096	0
-6.66096	0
-6.66096	0
-6.66096	0
-6.66096	0
-6.66096	0
-6.66096	0
-6.66096	0
-6.66096	0
-6.66096	0
-6.66096	0
-6.66096	0
-6.66096	0
-6.66096	0
-6.66096	0
-6.66096	0
-6.66096	0
-7.97916	0
-7.97916	0
-7.97916	0
-7.97916	0
-7.97916	0
-7.97916	0
-7.97916	0
-7.97916	0
-7.97916	0
-7.97916	0
-6.94616	0
-6.94616	0
-6.94616	0
-6.94616	0
-6.94616	0
-6.94616	0
-6.94616	0
-6.94616	0
-6.94616	0
-13.5753	0
-6.94616	0
-6.94616	0
-6.94616	7.57E-08
-6.94616	-7.57E-08
-6.94616	9.47E-08
-6.94616	-9.47E-08
-6.94616	1.20E-07
-6.94616	-1.20E-07
-6.94616	0
-6.94616	0
-14.6083	0
-21.8983	0
-13.2901	0
-13.1313	0
-6.57186	0
-6.57189	1.45E-05
-6.57189	-1.45E-05
-6.57188	0
-6.57188	0
-6.57188	0
-6.57188	0
-6.57188	1.07E-07
-6.57188	-1.07E-07
-6.57188	0
-6.57188	0
-6.57188	0
-6.57188	0
-6.57188	0
-6.57188	0
-6.57188	0
-6.57188	0
-6.57188	0
-6.57188	0
-6.57188	9.79E-08
-6.57188	-9.79E-08
-6.57188	1.58E-07
-6.57188	-1.58E-07
-6.57188	3.25E-08
-6.57188	-3.25E-08
-6.57188	1.13E-07
-6.57188	-1.13E-07
-6.57188	8.87E-08
-6.57188	-8.87E-08
-6.57188	1.29E-07
-6.57188	-1.29E-07
-6.66838	0
-6.66838	0
-6.66838	0
-6.66838	0
-6.66838	0
-6.66838	0
-6.66838	0
-6.66838	0
-6.66838	0
-6.66838	0
-6.66838	0
-6.66838	0
-6.66838	0
-6.66838	0
-6.66838	0
-6.66838	0
-6.66838	0
-6.66838	0
-6.66838	0
-6.66838	0
-6.66838	0
-6.66838	0
-6.66838	0
-6.66838	0
-6.66838	0
-6.66838	0
-6.66838	0
-15.1994	0
-15.1994	0
-15.1994	0
-15.1994	0
-15.1994	0
-15.1994	0
-15.1994	0
-15.1994	0
-15.1994	0
-15.1994	0
-15.1994	0
-15.1994	0
-15.1994	0
-15.1994	0
-15.1994	0
-15.1994	0
-15.1994	0
-15.1994	0
-15.1994	0
-15.1994	0
-15.1994	0
-15.1994	0
-15.1994	0
-7.90938	0
-7.90938	0
-7.90938	0
-7.90938	0
-7.90938	0
-7.90938	0
-7.90938	0
-7.90938	0
-7.90938	0
-7.90938	0
-7.90938	0
-7.90938	0
-7.90938	0
-7.90938	0
-7.90938	0
-7.90938	0
-7.90938	0
-7.90938	0
-7.90938	0
-15.1994	0
-15.1994	0
-15.1994	0
-15.1994	0
-15.1994	0
-15.1994	0
-15.1994	0
-15.1994	0
-6.59118	0
-6.59118	0
-6.59118	0
-6.59118	0
-6.59118	0
-6.59118	0
-6.59118	0
-6.59118	0
-6.59118	0
-6.59118	0
-6.59118	0
-6.59118	0
-6.59118	0
-6.59118	0
-6.87638	0
-6.87638	0
-6.87638	0
-6.87638	0
-6.87638	0
-6.87638	0
-6.87638	0
-6.87638	0
-6.87638	0
-6.87638	0
-6.87638	0
-6.87638	0
-7.90938	0
-7.90938	0
-13.2278	0
-6.66838	0
-6.66838	0
-6.66838	7.90E-08
-6.66838	-7.90E-08
-6.59118	0
-6.59118	0
-6.59118	0
-6.59118	0
-6.59118	0
-6.59118	0
-6.59118	0
-6.59118	0
-6.59118	0
-6.59118	0
-6.59118	0
-6.59118	0
-6.59118	0
-6.59118	0
-6.59118	0
-6.59118	0
-6.59118	0
-7.90938	0
-7.90938	0
-7.90938	0
-7.90938	0
-7.90938	0
-7.90938	0
-7.90938	0
-7.90938	0
-7.90938	0
-7.90938	0
-6.87638	0
-6.87638	0
-6.87638	0
-6.87638	0
-6.87638	0
-6.87638	0
-6.87638	0
-6.87638	0
-6.87638	0
-13.4358	0
-6.87644	5.95E-05
-6.87644	-5.95E-05
-6.87632	5.74E-05
-6.87632	-5.74E-05
-6.87638	1.03E-07
-6.87638	-1.03E-07
-6.87638	1.27E-07
-6.87638	-1.27E-07
-6.87638	5.27E-08
-6.87638	-5.27E-08
-14.4688	0
-21.7588	0
-13.1506	0
-13.0615	0
-6.537	1.80E-05
-6.537	-1.80E-05
-6.53697	0
-6.53699	0
-6.53699	0
-6.53699	5.26E-09
-6.53699	-5.26E-09
-6.53699	7.43E-08
-6.53699	-7.43E-08
-6.53699	0
-6.53699	0
-6.53699	2.92E-08
-6.53699	-2.92E-08
-6.53699	0
-6.53699	0
-6.53699	0
-6.53699	0
-6.53699	0
-6.53699	0
-6.53699	7.98E-08
-6.53699	-7.98E-08
-6.53699	0
-6.53699	0
-6.53699	1.05E-07
-6.53699	-1.05E-07
-6.53699	0
-6.53699	0
-6.53699	0
-6.53699	0
-6.53699	2.62E-08
-6.53699	-2.62E-08
-6.63349	0
-6.63349	0
-6.63349	0
-6.63349	0
-6.63349	0
-6.63349	0
-6.63349	0
-6.63349	0
-6.63349	0
-6.63349	0
-6.63349	0
-6.63349	0
-6.63349	0
-6.63349	0
-6.63349	0
-6.63349	0
-6.63349	0
-6.63349	0
-6.63349	0
-6.63349	0
-6.63349	0
-6.63349	0
-6.63349	0
-6.63349	0
-6.63349	0
-6.63349	0
-6.63349	0
-15.1645	0
-15.1645	0
-15.1645	0
-15.1645	0
-15.1645	0
-15.1645	0
-15.1645	0
-15.1645	0
-15.1645	0
-15.1645	0
-15.1645	0
-15.1645	0
-15.1645	0
-15.1645	0
-15.1645	0
-15.1645	0
-15.1645	0
-15.1645	0
-15.1645	0
-15.1645	0
-15.1645	0
-15.1645	0
-15.1645	0
-7.87449	0
-7.87449	0
-7.87449	0
-7.87449	0
-7.87449	0
-7.87449	0
-7.87449	0
-7.87449	0
-7.87449	0
-7.87449	0
-7.87449	0
-7.87449	0
-7.87449	0
-7.87449	0
-7.87449	0
-7.87449	0
-7.87449	0
-7.87449	0
-7.87449	0
-15.1645	0
-15.1645	0
-15.1645	0
-15.1645	0
-15.1645	0
-15.1645	0
-15.1645	0
-15.1645	0
-6.55629	0
-6.55629	0
-6.55629	0
-6.55629	0
-6.55629	0
-6.55629	0
-6.55629	0
-6.55629	0
-6.55629	0
-6.55629	0
-6.55629	0
-6.55629	0
-6.55629	0
-6.55629	0
-6.84149	0
-6.84149	0
-6.84149	0
-6.84149	0
-6.84149	0
-6.84149	0
-6.84149	0
-6.84149	0
-6.84149	0
-6.84149	0
-6.84149	0
-6.84149	0
-7.87449	0
-7.87449	0
-13.158	0
-6.63349	0
-6.63349	0
-6.63349	0
-6.63349	0
-6.55629	0
-6.55629	0
-6.55629	0
-6.55629	0
-6.55629	0
-6.55629	0
-6.55629	0
-6.55629	0
-6.55629	0
-6.55629	0
-6.55629	0
-6.55629	0
-6.55629	0
-6.55629	0
-6.55629	0
-6.55629	0
-6.55629	0
-7.87449	0
-7.87449	0
-7.87449	0
-7.87449	0
-7.87449	0
-7.87449	0
-7.87449	0
-7.87449	0
-7.87449	0
-7.87449	0
-6.84149	0
-6.84149	0
-6.84149	0
-6.84149	0
-6.84149	0
-6.84149	0
-6.84149	0
-6.84149	0
-6.84149	0
-13.366	0
-6.84157	0
-6.84149	7.43E-05
-6.84149	-7.43E-05
-6.84142	0
-6.84149	0
-6.84149	0
-6.84149	1.25E-07
-6.84149	-1.25E-07
-6.84149	0
-6.84149	0
-14.399	0
-21.689	0
-13.0808	0
-12.9917	0
-6.50208	0
-6.50211	1.36E-05
-6.50211	-1.36E-05
-6.5021	9.02E-08
-6.5021	-9.02E-08
-6.5021	3.71E-08
-6.5021	-3.71E-08
-6.5021	4.72E-08
-6.5021	-4.72E-08
-6.5021	0
-6.5021	0
-6.5021	0
-6.5021	0
-6.5021	0
-6.5021	0
-6.5021	0
-6.5021	0
-6.5021	9.35E-08
-6.5021	-9.35E-08
-6.5021	1.34E-07
-6.5021	-1.34E-07
-6.5021	9.80E-08
-6.5021	-9.80E-08
-6.5021	8.96E-08
-6.5021	-8.96E-08
-6.5021	0
-6.5021	0
-6.5021	2.46E-08
-6.5021	-2.46E-08
-6.5021	1.11E-07
-6.5021	-1.11E-07
-6.5986	0
-6.5986	0
-6.5986	0
-6.5986	0
-6.5986	0
-6.5986	0
-6.5986	0
-6.5986	0
-6.5986	0
-6.5986	0
-6.5986	0
-6.5986	0
-6.5986	0
-6.5986	0
-6.5986	0
-6.5986	0
-6.5986	0
-6.5986	0
-6.5986	0
-6.5986	0
-6.5986	0
-6.5986	0
-6.5986	0
-6.5986	0
-6.5986	0
-6.5986	0
-6.5986	0
-15.1296	0
-15.1296	0
-15.1296	0
-15.1296	0
-15.1296	0
-15.1296	0
-15.1296	0
-15.1296	0
-15.1296	0
-15.1296	0
-15.1296	0
-15.1296	0
-15.1296	0
-15.1296	0
-15.1296	0
-15.1296	0
-15.1296	0
-15.1296	0
-15.1296	0
-15.1296	0
-15.1296	0
-15.1296	0
-15.1296	0
-7.8396	0
-7.8396	0
-7.8396	0
-7.8396	0
-7.8396	0
-7.8396	0
-7.8396	0
-7.8396	0
-7.8396	0
-7.8396	0
-7.8396	0
-7.8396	0
-7.8396	0
-7.8396	0
-7.8396	0
-7.8396	0
-7.8396	0
-7.8396	0
-7.8396	0
-15.1296	0
-15.1296	0
-15.1296	0
-15.1296	0
-15.1296	0
-15.1296	0
-15.1296	0
-15.1296	0
-6.5214	0
-6.5214	0
-6.5214	0
-6.5214	0
-6.5214	0
-6.5214	0
-6.5214	0
-6.5214	0
-6.5214	0
-6.5214	0
-6.5214	0
-6.5214	0
-6.5214	0
-6.5214	0
-6.8066	0
-6.8066	0
-6.8066	0
-6.8066	0
-6.8066	0
-6.8066	0
-6.8066	0
-6.8066	0
-6.8066	0
-6.8066	0
-6.8066	0
-6.8066	0
-7.8396	0
-7.8396	0
-13.0882	0
-6.5986	0
-6.5986	0
-6.5986	9.02E-08
-6.5986	-9.02E-08
-6.5214	0
-6.5214	0
-6.5214	0
-6.5214	0
-6.5214	0
-6.5214	0
-6.5214	0
-6.5214	0
-6.5214	0
-6.5214	0
-6.5214	0
-6.5214	0
-6.5214	0
-6.5214	0
-6.5214	0
-6.5214	0
-6.5214	0
-7.8396	0
-7.8396	0
-7.8396	0
-7.8396	0
-7.8396	0
-7.8396	0
-7.8396	0
-7.8396	0
-7.8396	0
-7.8396	0
-6.8066	0
-6.8066	0
-6.8066	0
-6.8066	0
-6.8066	0
-6.8066	0
-6.8066	0
-6.8066	0
-6.8066	0
-13.2962	0
-6.8066	0
-6.8066	0
-6.8066	0
-6.8066	0
-6.8066	3.70E-08
-6.8066	-3.70E-08
-6.8066	9.03E-08
-6.8066	-9.03E-08
-6.8066	1.30E-07
-6.8066	-1.30E-07
-14.3292	0
-21.6192	0
-13.011	0
-12.9219	0
-6.4672	1.54E-05
-6.4672	-1.54E-05
-6.46723	0
-6.46721	0
-6.46721	0
-6.46721	0
-6.46721	0
-6.46721	0
-6.46721	0
-6.46721	5.69E-08
-6.46721	-5.69E-08
-6.46721	0
-6.46721	0
-6.46721	0
-6.46721	0
-6.46721	0
-6.46721	0
-6.46721	0
-6.46721	0
-6.46721	0
-6.46721	0
-6.46721	6.59E-08
-6.46721	-6.59E-08
-6.46721	7.51E-08
-6.46721	-7.51E-08
-6.46721	0
-6.46721	0
-6.46721	7.02E-08
-6.46721	-7.02E-08
-6.46721	1.16E-07
-6.46721	-1.16E-07
-6.56371	0
-6.56371	0
-6.56371	0
-6.56371	0
-6.56371	0
-6.56371	0
-6.56371	0
-6.56371	0
-6.56371	0
-6.56371	0
-6.56371	0
-6.56371	0
-6.56371	0
-6.56371	0
-6.56371	0
-6.56371	0
-6.56371	0
-6.56371	0
-6.56371	0
-6.56371	0
-6.56371	0
-6.56371	0
-6.56371	0
-6.56371	0
-6.56371	0
-6.56371	0
-6.56371	0
-15.0947	0
-15.0947	0
-15.0947	0
-15.0947	0
-15.0947	0
-15.0947	0
-15.0947	0
-15.0947	0
-15.0947	0
-15.0947	0
-15.0947	0
-15.0947	0
-15.0947	0
-15.0947	0
-15.0947	0
-15.0947	0
-15.0947	0
-15.0947	0
-15.0947	0
-15.0947	0
-15.0947	0
-15.0947	0
-15.0947	0
-7.80471	0
-7.80471	0
-7.80471	0
-7.80471	0
-7.80471	0
-7.80471	0
-7.80471	0
-7.80471	0
-7.80471	0
-7.80471	0
-7.80471	0
-7.80471	0
-7.80471	0
-7.80471	0
-7.80471	0
-7.80471	0
-7.80471	0
-7.80471	0
-7.80471	0
-15.0947	0
-15.0947	0
-15.0947	0
-15.0947	0
-15.0947	0
-15.0947	0
-15.0947	0
-15.0947	0
-6.48651	0
-6.48651	0
-6.48651	0
-6.48651	0
-6.48651	0
-6.48651	0
-6.48651	0
-6.48651	0
-6.48651	0
-6.48651	0
-6.48651	0
-6.48651	0
-6.48651	0
-6.48651	0
-6.77171	0
-6.77171	0
-6.77171	0
-6.77171	0
-6.77171	0
-6.77171	0
-6.77171	0
-6.77171	0
-6.77171	0
-6.77171	0
-6.77171	0
-6.77171	0
-7.80471	0
-7.80471	0
-13.0184	0
-6.56371	0
-6.56371	0
-6.56371	1.10E-07
-6.56371	-1.10E-07
-6.48651	0
-6.48651	0
-6.48651	0
-6.48651	0
-6.48651	0
-6.48651	0
-6.48651	0
-6.48651	0
-6.48651	0
-6.48651	0
-6.48651	0
-6.48651	0
-6.48651	0
-6.48651	0
-6.48651	0
-6.48651	0
-6.48651	0
-7.80471	0
-7.80471	0
-7.80471	0
-7.80471	0
-7.80471	0
-7.80471	0
-7.80471	0
-7.80471	0
-7.80471	0
-7.80471	0
-6.77171	0
-6.77171	0
-6.77171	0
-6.77171	0
-6.77171	0
-6.77171	0
-6.77171	0
-6.77171	0
-6.77171	0
-13.2264	0
-6.77157	0.000137613
-6.77157	-0.000137613
-6.77185	0.000137327
-6.77185	-0.000137327
-6.77171	0
-6.77171	0
-6.77171	0
-6.77171	0
-6.77171	3.66E-08
-6.77171	-3.66E-08
-14.2594	0
-21.5494	0
-12.9412	0
-12.8521	0
-6.43238	0
-6.43229	5.42E-05
-6.43229	-5.42E-05
-6.43232	0
-6.43232	0
-6.43232	0
-6.43232	0
-6.43232	3.54E-08
-6.43232	-3.54E-08
-6.43232	7.40E-08
-6.43232	-7.40E-08
-6.43232	0
-6.43232	0
-6.43232	0
-6.43232	0
-6.43232	6.78E-08
-6.43232	-6.78E-08
-6.43232	8.81E-08
-6.43232	-8.81E-08
-6.43232	0
-6.43232	0
-6.43232	0
-6.43232	0
-6.43232	1.55E-07
-6.43232	-1.55E-07
-6.43232	7.71E-08
-6.43232	-7.71E-08
-6.43232	0
-6.43232	0
-6.43232	0
-6.43232	0
-6.52882	0
-6.52882	0
-6.52882	0
-6.52882	0
-6.52882	0
-6.52882	0
-6.52882	0
-6.52882	0
-6.52882	0
-6.52882	0
-6.52882	0
-6.52882	0
-6.52882	0
-6.52882	0
-6.52882	0
-6.52882	0
-6.52882	0
-6.52882	0
-6.52882	0
-6.52882	0
-6.52882	0
-6.52882	0
-6.52882	0
-6.52882	0
-6.52882	0
-6.52882	0
-6.52882	0
-15.0598	0
-15.0598	0
-15.0598	0
-15.0598	0
-15.0598	0
-15.0598	0
-15.0598	0
-15.0598	0
-15.0598	0
-15.0598	0
-15.0598	0
-15.0598	0
-15.0598	0
-15.0598	0
-15.0598	0
-15.0598	0
-15.0598	0
-15.0598	0
-15.0598	0
-15.0598	0
-15.0598	0
-15.0598	0
-15.0598	0
-7.76982	0
-7.76982	0
-7.76982	0
-7.76982	0
-7.76982	0
-7.76982	0
-7.76982	0
-7.76982	0
-7.76982	0
-7.76982	0
-7.76982	0
-7.76982	0
-7.76982	0
-7.76982	0
-7.76982	0
-7.76982	0
-7.76982	0
-7.76982	0
-7.76982	0
-15.0598	0
-15.0598	0
-15.0598	0
-15.0598	0
-15.0598	0
-15.0598	0
-15.0598	0
-15.0598	0
-6.45162	0
-6.45162	0
-6.45162	0
-6.45162	0
-6.45162	0
-6.45162	0
-6.45162	0
-6.45162	0
-6.45162	0
-6.45162	0
-6.45162	0
-6.45162	0
-6.45162	0
-6.45162	0
-6.73682	0
-6.73682	0
-6.73682	0
-6.73682	0
-6.73682	0
-6.73682	0
-6.73682	0
-6.73682	0
-6.73682	0
-6.73682	0
-6.73682	0
-6.73682	0
-7.76982	0
-7.76982	0
-12.9486	0
-6.52882	4.37E-08
-6.52882	-4.37E-08
-6.52882	4.46E-08
-6.52882	-4.46E-08
-6.45162	0
-6.45162	0
-6.45162	0
-6.45162	0
-6.45162	0
-6.45162	0
-6.45162	0
-6.45162	0
-6.45162	0
-6.45162	0
-6.45162	0
-6.45162	0
-6.45162	0
-6.45162	0
-6.45162	0
-6.45162	0
-6.45162	0
-7.76982	0
-7.76982	0
-7.76982	0
-7.76982	0
-7.76982	0
-7.76982	0
-7.76982	0
-7.76982	0
-7.76982	0
-7.76982	0
-6.73682	0
-6.73682	0
-6.73682	0
-6.73682	0
-6.73682	0
-6.73682	0
-6.73682	0
-6.73682	0
-6.73682	0
-13.1566	0
-6.73682	0
-6.73682	0
-6.73682	4.88E-08
-6.73682	-4.88E-08
-6.73682	8.66E-08
-6.73682	-8.66E-08
-6.73682	7.88E-08
-6.73682	-7.88E-08
-6.73682	9.29E-08
-6.73682	-9.29E-08
-14.1896	0
-21.4796	0
-12.8714	0
0	0
