-14.6392	0
-14.4987	1.42676
-14.4987	-1.42676
-14.0825	2.79869
-14.0825	-2.79869
-13.4067	4.06308
-13.4067	-4.06308
-12.4972	5.17131
-12.4972	-5.17131
-11.3889	6.08082
-11.3889	-6.08082
-10.1245	6.75665
-10.1245	-6.75665
-8.7526	7.17282
-8.7526	-7.17282
-7.32584	7.31334
-7.32584	-7.31334
-5.89908	7.17282
-5.89908	-7.17282
-4.52715	6.75665
-4.52715	-6.75665
-3.26277	6.08082
-3.26277	-6.08082
-2.15453	5.17131
-2.15453	-5.17131
-0.0125	0
-0.153024	1.42676
-0.153024	-1.42676
-0.569195	2.79869
-0.569195	-2.79869
-1.24502	4.06308
-1.24502	-4.06308
-14.7357	0
-14.5952	1.42676
-14.5952	-1.42676
-14.179	2.79869
-14.179	-2.79869
-13.5032	4.06308
-13.5032	-4.06308
-12.5937	5.17131
-12.5937	-5.17131
-11.4854	6.08082
-11.4854	-6.08082
-10.221	6.75665
-10.221	-6.75665
-8.8491	7.17282
-8.8491	-7.17282
-7.42234	7.31334
-7.42234	-7.31334
-5.99558	7.17282
-5.99558	-7.17282
-4.62365	6.75665
-4.62365	-6.75665
-3.35927	6.08082
-3.35927	-6.08082
-2.25103	5.17131
-2.25103	-5.17131
-0.109	0
-0.249524	1.42676
-0.249524	-1.42676
-0.665695	2.79869
-0.665695	-2.79869
-1.34152	4.06308
-1.34152	-4.06308
-15.9767	0
-15.8362	1.42676
-15.8362	-1.42676
-15.42	2.79869
-15.42	-2.79869
-14.7442	4.06308
-14.7442	-4.06308
-13.8347	5.17131
-13.8347	-5.17131
-12.7264	6.08082
-12.7264	-6.08082
-11.462	6.75665
-11.462	-6.75665
-10.0901	7.17282
-10.0901	-7.17282
-8.66334	7.31334
-8.66334	-7.31334
-7.23658	7.17282
-7.23658	-7.17282
-5.86465	6.75665
-5.86465	-6.75665
-4.60027	6.08082
-4.60027	-6.08082
-3.49203	5.17131
-3.49203	-5.17131
-1.35	0
-1.49052	1.42676
-1.49052	-1.42676
-1.9067	2.79869
-1.9067	-2.79869
-2.58252	4.06308
-2.58252	-4.06308
-14.9437	0
-14.8032	1.42676
-14.8032	-1.42676
-14.387	2.79869
-14.387	-2.79869
-13.7112	4.06308
-13.7112	-4.06308
-12.8017	5.17131
-12.8017	-5.17131
-11.6934	6.08082
-11.6934	-6.08082
-10.429	6.75665
-10.429	-6.75665
-9.0571	7.17282
-9.0571	-7.17282
-7.63034	7.31334
-7.63034	-7.31334
-6.20358	7.17282
-6.20358	-7.17282
-4.83165	6.75665
-4.83165	-6.75665
-3.56727	6.08082
-3.56727	-6.08082
-2.45903	5.17131
-2.45903	-5.17131
-0.317	0
-0.457524	1.42676
-0.457524	-1.42676
-0.873695	2.79869
-0.873695	-2.79869
-1.54952	4.06308
-1.54952	-4.06308
-14.6585	0
-14.518	1.42676
-14.518	-1.42676
-14.1018	2.79869
-14.1018	-2.79869
-13.426	4.06308
-13.426	-4.06308
-12.5165	5.17131
-12.5165	-5.17131
-11.4082	6.08082
-11.4082	-6.08082
-10.1438	6.75665
-10.1438	-6.75665
-8.7719	7.17282
-8.7719	-7.17282
-7.34514	7.31334
-7.34514	-7.31334
-5.91838	7.17282
-5.91838	-7.17282
-4.54645	6.75665
-4.54645	-6.75665
-3.28207	6.08082
-3.28207	-6.08082
-2.17383	5.17131
-2.17383	-5.17131
-0.0318	0
-0.172324	1.42676
-0.172324	-1.42676
-0.588495	2.79869
-0.588495	-2.79869
-1.26432	4.06308
-1.26432	-4.06308
-23.2667	0
-23.1262	1.42676
-23.1262	-1.42676
-22.71	2.79869
-22.71	-2.79869
-22.0342	4.06308
-22.0342	-4.06308
-21.1247	5.17131
-21.1247	-5.17131
-20.0164	6.08082
-20.0164	-6.08082
-18.752	6.75665
-18.752	-6.75665
-17.3801	7.17282
-17.3801	-7.17282
-15.9533	7.31334
-15.9533	-7.31334
-14.5266	7.17282
-14.5266	-7.17282
-13.1546	6.75665
-13.1546	-6.75665
-11.8903	6.08082
-11.8903	-6.08082
-10.782	5.17131
-10.782	-5.17131
-8.64	0
-8.78052	1.42676
-8.78052	-1.42676
-9.1967	2.79869
-9.1967	-2.79869
-9.87252	4.06308
-9.87252	-4.06308
-16.3412	0
-16.1843	1.59278
-16.1843	-1.59278
-15.7197	3.12436
-15.7197	-3.12436
-14.9652	4.53586
-14.9652	-4.53586
-13.9499	5.77306
-13.9499	-5.77306
-12.7127	6.7884
-12.7127	-6.7884
-11.3012	7.54286
-11.3012	-7.54286
-9.76962	8.00746
-9.76962	-8.00746
-8.17684	8.16434
-8.17684	-8.16434
-6.58405	8.00746
-6.58405	-8.00746
-5.05248	7.54286
-5.05248	-7.54286
-3.64097	6.7884
-3.64097	-6.7884
-2.40378	5.77306
-2.40378	-5.77306
-0.0125	0
-0.169375	1.59278
-0.169375	-1.59278
-0.633973	3.12436
-0.633973	-3.12436
-1.38844	4.53586
-1.38844	-4.53586
-16.4377	0
-16.2808	1.59278
-16.2808	-1.59278
-15.8162	3.12436
-15.8162	-3.12436
-15.0617	4.53586
-15.0617	-4.53586
-14.0464	5.77306
-14.0464	-5.77306
-12.8092	6.7884
-12.8092	-6.7884
-11.3977	7.54286
-11.3977	-7.54286
-9.86612	8.00746
-9.86612	-8.00746
-8.27334	8.16434
-8.27334	-8.16434
-6.68055	8.00746
-6.68055	-8.00746
-5.14898	7.54286
-5.14898	-7.54286
-3.73747	6.7884
-3.73747	-6.7884
-2.50028	5.77306
-2.50028	-5.77306
-0.109	0
-0.265875	1.59278
-0.265875	-1.59278
-0.730473	3.12436
-0.730473	-3.12436
-1.48494	4.53586
-1.48494	-4.53586
-17.6787	0
-17.5218	1.59278
-17.5218	-1.59278
-17.0572	3.12436
-17.0572	-3.12436
-16.3027	4.53586
-16.3027	-4.53586
-15.2874	5.77306
-15.2874	-5.77306
-14.0502	6.7884
-14.0502	-6.7884
-12.6387	7.54286
-12.6387	-7.54286
-11.1071	8.00746
-11.1071	-8.00746
-9.51434	8.16434
-9.51434	-8.16434
-7.92155	8.00746
-7.92155	-8.00746
-6.38998	7.54286
-6.38998	-7.54286
-4.97847	6.7884
-4.97847	-6.7884
-3.74128	5.77306
-3.74128	-5.77306
-1.35	0
-1.50688	1.59278
-1.50688	-1.59278
-1.97147	3.12436
-1.97147	-3.12436
-2.72594	4.53586
-2.72594	-4.53586
-16.6457	0
-16.4888	1.59278
-16.4888	-1.59278
-16.0242	3.12436
-16.0242	-3.12436
-15.2697	4.53586
-15.2697	-4.53586
-14.2544	5.77306
-14.2544	-5.77306
-13.0172	6.7884
-13.0172	-6.7884
-11.6057	7.54286
-11.6057	-7.54286
-10.0741	8.00746
-10.0741	-8.00746
-8.48134	8.16434
-8.48134	-8.16434
-6.88855	8.00746
-6.88855	-8.00746
-5.35698	7.54286
-5.35698	-7.54286
-3.94547	6.7884
-3.94547	-6.7884
-2.70828	5.77306
-2.70828	-5.77306
-0.317	0
-0.473875	1.59278
-0.473875	-1.59278
-0.938473	3.12436
-0.938473	-3.12436
-1.69294	4.53586
-1.69294	-4.53586
-16.3605	0
-16.2036	1.59278
-16.2036	-1.59278
-15.739	3.12436
-15.739	-3.12436
-14.9845	4.53586
-14.9845	-4.53586
-13.9692	5.77306
-13.9692	-5.77306
-12.732	6.7884
-12.732	-6.7884
-11.3205	7.54286
-11.3205	-7.54286
-9.78892	8.00746
-9.78892	-8.00746
-8.19614	8.16434
-8.19614	-8.16434
-6.60335	8.00746
-6.60335	-8.00746
-5.07178	7.54286
-5.07178	-7.54286
-3.66027	6.7884
-3.66027	-6.7884
-2.42308	5.77306
-2.42308	-5.77306
-0.0318	0
-0.188675	1.59278
-0.188675	-1.59278
-0.653273	3.12436
-0.653273	-3.12436
-1.40774	4.53586
-1.40774	-4.53586
-24.9687	0
-24.8118	1.59278
-24.8118	-1.59278
-24.3472	3.12436
-24.3472	-3.12436
-23.5927	4.53586
-23.5927	-4.53586
-22.5774	5.77306
-22.5774	-5.77306
-21.3402	6.7884
-21.3402	-6.7884
-19.9287	7.54286
-19.9287	-7.54286
-18.3971	8.00746
-18.3971	-8.00746
-16.8043	8.16434
-16.8043	-8.16434
-15.2116	8.00746
-15.2116	-8.00746
-13.68	7.54286
-13.68	-7.54286
-12.2685	6.7884
-12.2685	-6.7884
-11.0313	5.77306
-11.0313	-5.77306
-8.64	0
-8.79688	1.59278
-8.79688	-1.59278
-9.26147	3.12436
-9.26147	-3.12436
-10.0159	4.53586
-10.0159	-4.53586
-17.1785	0
-17.0136	1.67446
-17.0136	-1.67446
-16.5252	3.28458
-16.5252	-3.28458
-15.732	4.76847
-15.732	-4.76847
-14.6646	6.06911
-14.6646	-6.06911
-13.364	7.13652
-13.364	-7.13652
-11.8801	7.92968
-11.8801	-7.92968
-10.27	8.4181
-10.27	-8.4181
-8.59552	8.58302
-8.59552	-8.58302
-6.92106	8.4181
-6.92106	-8.4181
-5.31094	7.92968
-5.31094	-7.92968
-3.82705	7.13652
-3.82705	-7.13652
-2.52641	6.06911
-2.52641	-6.06911
-0.0125	0
-0.17742	1.67446
-0.17742	-1.67446
-0.665843	3.28458
-0.665843	-3.28458
-1.459	4.76847
-1.459	-4.76847
-17.275	0
-17.1101	1.67446
-17.1101	-1.67446
-16.6217	3.28458
-16.6217	-3.28458
-15.8285	4.76847
-15.8285	-4.76847
-14.7611	6.06911
-14.7611	-6.06911
-13.4605	7.13652
-13.4605	-7.13652
-11.9766	7.92968
-11.9766	-7.92968
-10.3665	8.4181
-10.3665	-8.4181
-8.69202	8.58302
-8.69202	-8.58302
-7.01756	8.4181
-7.01756	-8.4181
-5.40744	7.92968
-5.40744	-7.92968
-3.92355	7.13652
-3.92355	-7.13652
-2.62291	6.06911
-2.62291	-6.06911
-0.109	0
-0.27392	1.67446
-0.27392	-1.67446
-0.762343	3.28458
-0.762343	-3.28458
-1.5555	4.76847
-1.5555	-4.76847
-18.516	0
-18.3511	1.67446
-18.3511	-1.67446
-17.8627	3.28458
-17.8627	-3.28458
-17.0695	4.76847
-17.0695	-4.76847
-16.0021	6.06911
-16.0021	-6.06911
-14.7015	7.13652
-14.7015	-7.13652
-13.2176	7.92968
-13.2176	-7.92968
-11.6075	8.4181
-11.6075	-8.4181
-9.93302	8.58302
-9.93302	-8.58302
-8.25856	8.4181
-8.25856	-8.4181
-6.64844	7.92968
-6.64844	-7.92968
-5.16455	7.13652
-5.16455	-7.13652
-3.86391	6.06911
-3.86391	-6.06911
-1.35	0
-1.51492	1.67446
-1.51492	-1.67446
-2.00334	3.28458
-2.00334	-3.28458
-2.7965	4.76847
-2.7965	-4.76847
-17.483	0
-17.3181	1.67446
-17.3181	-1.67446
-16.8297	3.28458
-16.8297	-3.28458
-16.0365	4.76847
-16.0365	-4.76847
-14.9691	6.06911
-14.9691	-6.06911
-13.6685	7.13652
-13.6685	-7.13652
-12.1846	7.92968
-12.1846	-7.92968
-10.5745	8.4181
-10.5745	-8.4181
-8.90002	8.58302
-8.90002	-8.58302
-7.22556	8.4181
-7.22556	-8.4181
-5.61544	7.92968
-5.61544	-7.92968
-4.13155	7.13652
-4.13155	-7.13652
-2.83091	6.06911
-2.83091	-6.06911
-0.317	0
-0.48192	1.67446
-0.48192	-1.67446
-0.970343	3.28458
-0.970343	-3.28458
-1.7635	4.76847
-1.7635	-4.76847
-17.1978	0
-17.0329	1.67446
-17.0329	-1.67446
-16.5445	3.28458
-16.5445	-3.28458
-15.7513	4.76847
-15.7513	-4.76847
-14.6839	6.06911
-14.6839	-6.06911
-13.3833	7.13652
-13.3833	-7.13652
-11.8994	7.92968
-11.8994	-7.92968
-10.2893	8.4181
-10.2893	-8.4181
-8.61482	8.58302
-8.61482	-8.58302
-6.94036	8.4181
-6.94036	-8.4181
-5.33024	7.92968
-5.33024	-7.92968
-3.84635	7.13652
-3.84635	-7.13652
-2.54571	6.06911
-2.54571	-6.06911
-0.0318	0
-0.19672	1.67446
-0.19672	-1.67446
-0.685143	3.28458
-0.685143	-3.28458
-1.4783	4.76847
-1.4783	-4.76847
-25.806	0
-25.6411	1.67446
-25.6411	-1.67446
-25.1527	3.28458
-25.1527	-3.28458
-24.3595	4.76847
-24.3595	-4.76847
-23.2921	6.06911
-23.2921	-6.06911
-21.9915	7.13652
-21.9915	-7.13652
-20.5076	7.92968
-20.5076	-7.92968
-18.8975	8.4181
-18.8975	-8.4181
-17.223	8.58302
-17.223	-8.58302
-15.5486	8.4181
-15.5486	-8.4181
-13.9384	7.92968
-13.9384	-7.92968
-12.4545	7.13652
-12.4545	-7.13652
-11.1539	6.06911
-11.1539	-6.06911
-8.64	0
-8.80492	1.67446
-8.80492	-1.67446
-9.29334	3.28458
-9.29334	-3.28458
-10.0865	4.76847
-10.0865	-4.76847
-15.6434	0
-15.4932	1.52472
-15.4932	-1.52472
-15.0485	2.99084
-15.0485	-2.99084
-14.3262	4.34202
-14.3262	-4.34202
-13.3543	5.52635
-13.3543	-5.52635
-12.17	6.49829
-12.17	-6.49829
-10.8188	7.22052
-10.8188	-7.22052
-9.35265	7.66526
-9.35265	-7.66526
-7.82793	7.81543
-7.82793	-7.81543
-6.30322	7.66526
-6.30322	-7.66526
-4.8371	7.22052
-4.8371	-7.22052
-3.48591	6.49829
-3.48591	-6.49829
-2.30159	5.52635
-2.30159	-5.52635
-0.0125	0
-0.162671	1.52472
-0.162671	-1.52472
-0.607414	2.99084
-0.607414	-2.99084
-1.32964	4.34202
-1.32964	-4.34202
-15.7399	0
-15.5897	1.52472
-15.5897	-1.52472
-15.145	2.99084
-15.145	-2.99084
-14.4227	4.34202
-14.4227	-4.34202
-13.4508	5.52635
-13.4508	-5.52635
-12.2665	6.49829
-12.2665	-6.49829
-10.9153	7.22052
-10.9153	-7.22052
-9.44915	7.66526
-9.44915	-7.66526
-7.92443	7.81543
-7.92443	-7.81543
-6.39972	7.66526
-6.39972	-7.66526
-4.9336	7.22052
-4.9336	-7.22052
-3.58241	6.49829
-3.58241	-6.49829
-2.39809	5.52635
-2.39809	-5.52635
-0.109	0
-0.259171	1.52472
-0.259171	-1.52472
-0.703914	2.99084
-0.703914	-2.99084
-1.42614	4.34202
-1.42614	-4.34202
-16.9809	0
-16.8307	1.52472
-16.8307	-1.52472
-16.386	2.99084
-16.386	-2.99084
-15.6637	4.34202
-15.6637	-4.34202
-14.6918	5.52635
-14.6918	-5.52635
-13.5075	6.49829
-13.5075	-6.49829
-12.1563	7.22052
-12.1563	-7.22052
-10.6901	7.66526
-10.6901	-7.66526
-9.16543	7.81543
-9.16543	-7.81543
-7.64072	7.66526
-7.64072	-7.66526
-6.1746	7.22052
-6.1746	-7.22052
-4.82341	6.49829
-4.82341	-6.49829
-3.63909	5.52635
-3.63909	-5.52635
-1.35	0
-1.50017	1.52472
-1.50017	-1.52472
-1.94491	2.99084
-1.94491	-2.99084
-2.66714	4.34202
-2.66714	-4.34202
-15.9479	0
-15.7977	1.52472
-15.7977	-1.52472
-15.353	2.99084
-15.353	-2.99084
-14.6307	4.34202
-14.6307	-4.34202
-13.6588	5.52635
-13.6588	-5.52635
-12.4745	6.49829
-12.4745	-6.49829
-11.1233	7.22052
-11.1233	-7.22052
-9.65715	7.66526
-9.65715	-7.66526
-8.13243	7.81543
-8.13243	-7.81543
-6.60772	7.66526
-6.60772	-7.66526
-5.1416	7.22052
-5.1416	-7.22052
-3.79041	6.49829
-3.79041	-6.49829
-2.60609	5.52635
-2.60609	-5.52635
-0.317	0
-0.467171	1.52472
-0.467171	-1.52472
-0.911914	2.99084
-0.911914	-2.99084
-1.63414	4.34202
-1.63414	-4.34202
-15.6627	0
-15.5125	1.52472
-15.5125	-1.52472
-15.0678	2.99084
-15.0678	-2.99084
-14.3455	4.34202
-14.3455	-4.34202
-13.3736	5.52635
-13.3736	-5.52635
-12.1893	6.49829
-12.1893	-6.49829
-10.8381	7.22052
-10.8381	-7.22052
-9.37195	7.66526
-9.37195	-7.66526
-7.84723	7.81543
-7.84723	-7.81543
-6.32252	7.66526
-6.32252	-7.66526
-4.8564	7.22052
-4.8564	-7.22052
-3.50521	6.49829
-3.50521	-6.49829
-2.32089	5.52635
-2.32089	-5.52635
-0.0318	0
-0.181971	1.52472
-0.181971	-1.52472
-0.626714	2.99084
-0.626714	-2.99084
-1.34894	4.34202
-1.34894	-4.34202
-24.2709	0
-24.1207	1.52472
-24.1207	-1.52472
-23.676	2.99084
-23.676	-2.99084
-22.9537	4.34202
-22.9537	-4.34202
-21.9818	5.52635
-21.9818	-5.52635
-20.7975	6.49829
-20.7975	-6.49829
-19.4463	7.22052
-19.4463	-7.22052
-17.9801	7.66526
-17.9801	-7.66526
-16.4554	7.81543
-16.4554	-7.81543
-14.9307	7.66526
-14.9307	-7.66526
-13.4646	7.22052
-13.4646	-7.22052
-12.1134	6.49829
-12.1134	-6.49829
-10.9291	5.52635
-10.9291	-5.52635
-8.64	0
-8.79017	1.52472
-8.79017	-1.52472
-9.23491	2.99084
-9.23491	-2.99084
-9.95714	4.34202
-9.95714	-4.34202
-14.6664	0
-14.5256	1.42942
-14.5256	-1.42942
-14.1087	2.80391
-14.1087	-2.80391
-13.4316	4.07065
-13.4316	-4.07065
-12.5204	5.18095
-12.5204	-5.18095
-11.4101	6.09215
-11.4101	-6.09215
-10.1434	6.76924
-10.1434	-6.76924
-8.76889	7.18618
-8.76889	-7.18618
-7.33947	7.32697
-7.33947	-7.32697
-5.91005	7.18618
-5.91005	-7.18618
-4.53556	6.76924
-4.53556	-6.76924
-3.26882	6.09215
-3.26882	-6.09215
-2.15852	5.18095
-2.15852	-5.18095
-0.0125	0
-0.153286	1.42942
-0.153286	-1.42942
-0.570232	2.80391
-0.570232	-2.80391
-1.24732	4.07065
-1.24732	-4.07065
-14.7629	0
-14.6221	1.42942
-14.6221	-1.42942
-14.2052	2.80391
-14.2052	-2.80391
-13.5281	4.07065
-13.5281	-4.07065
-12.6169	5.18095
-12.6169	-5.18095
-11.5066	6.09215
-11.5066	-6.09215
-10.2399	6.76924
-10.2399	-6.76924
-8.86539	7.18618
-8.86539	-7.18618
-7.43597	7.32697
-7.43597	-7.32697
-6.00655	7.18618
-6.00655	-7.18618
-4.63206	6.76924
-4.63206	-6.76924
-3.36532	6.09215
-3.36532	-6.09215
-2.25502	5.18095
-2.25502	-5.18095
-0.109	0
-0.249786	1.42942
-0.249786	-1.42942
-0.666732	2.80391
-0.666732	-2.80391
-1.34382	4.07065
-1.34382	-4.07065
-16.0039	0
-15.8631	1.42942
-15.8631	-1.42942
-15.4462	2.80391
-15.4462	-2.80391
-14.7691	4.07065
-14.7691	-4.07065
-13.8579	5.18095
-13.8579	-5.18095
-12.7476	6.09215
-12.7476	-6.09215
-11.4809	6.76924
-11.4809	-6.76924
-10.1064	7.18618
-10.1064	-7.18618
-8.67697	7.32697
-8.67697	-7.32697
-7.24755	7.18618
-7.24755	-7.18618
-5.87306	6.76924
-5.87306	-6.76924
-4.60632	6.09215
-4.60632	-6.09215
-3.49602	5.18095
-3.49602	-5.18095
-1.35	0
-1.49079	1.42942
-1.49079	-1.42942
-1.90773	2.80391
-1.90773	-2.80391
-2.58482	4.07065
-2.58482	-4.07065
-14.9709	0
-14.8301	1.42942
-14.8301	-1.42942
-14.4132	2.80391
-14.4132	-2.80391
-13.7361	4.07065
-13.7361	-4.07065
-12.8249	5.18095
-12.8249	-5.18095
-11.7146	6.09215
-11.7146	-6.09215
-10.4479	6.76924
-10.4479	-6.76924
-9.07339	7.18618
-9.07339	-7.18618
-7.64397	7.32697
-7.64397	-7.32697
-6.21455	7.18618
-6.21455	-7.18618
-4.84006	6.76924
-4.84006	-6.76924
-3.57332	6.09215
-3.57332	-6.09215
-2.46302	5.18095
-2.46302	-5.18095
-0.317	0
-0.457786	1.42942
-0.457786	-1.42942
-0.874732	2.80391
-0.874732	-2.80391
-1.55182	4.07065
-1.55182	-4.07065
-14.6857	0
-14.5449	1.42942
-14.5449	-1.42942
-14.128	2.80391
-14.128	-2.80391
-13.4509	4.07065
-13.4509	-4.07065
-12.5397	5.18095
-12.5397	-5.18095
-11.4294	6.09215
-11.4294	-6.09215
-10.1627	6.76924
-10.1627	-6.76924
-8.78819	7.18618
-8.78819	-7.18618
-7.35877	7.32697
-7.35877	-7.32697
-5.92935	7.18618
-5.92935	-7.18618
-4.55486	6.76924
-4.55486	-6.76924
-3.28812	6.09215
-3.28812	-6.09215
-2.17782	5.18095
-2.17782	-5.18095
-0.0318	0
-0.172586	1.42942
-0.172586	-1.42942
-0.589532	2.80391
-0.589532	-2.80391
-1.26662	4.07065
-1.26662	-4.07065
-23.2939	0
-23.1531	1.42942
-23.1531	-1.42942
-22.7362	2.80391
-22.7362	-2.80391
-22.0591	4.07065
-22.0591	-4.07065
-21.1479	5.18095
-21.1479	-5.18095
-20.0376	6.09215
-20.0376	-6.09215
-18.7709	6.76924
-18.7709	-6.76924
-17.3964	7.18618
-17.3964	-7.18618
-15.967	7.32697
-15.967	-7.32697
-14.5375	7.18618
-14.5375	-7.18618
-13.1631	6.76924
-13.1631	-6.76924
-11.8963	6.09215
-11.8963	-6.09215
-10.786	5.18095
-10.786	-5.18095
-8.64	0
-8.78079	1.42942
-8.78079	-1.42942
-9.19773	2.80391
-9.19773	-2.80391
-9.87482	4.07065
-9.87482	-4.07065
-14.3175	0
-14.1801	1.39539
-14.1801	-1.39539
-13.7731	2.73715
-13.7731	-2.73715
-13.1121	3.97373
-13.1121	-3.97373
-12.2226	5.05759
-12.2226	-5.05759
-11.1387	5.9471
-11.1387	-5.9471
-9.90217	6.60806
-9.90217	-6.60806
-8.5604	7.01508
-8.5604	-7.01508
-7.16502	7.15252
-7.16502	-7.15252
-5.76963	7.01508
-5.76963	-7.01508
-4.42787	6.60806
-4.42787	-6.60806
-3.19129	5.9471
-3.19129	-5.9471
-2.10742	5.05759
-2.10742	-5.05759
-0.0125	0
-0.149934	1.39539
-0.149934	-1.39539
-0.556953	2.73715
-0.556953	-2.73715
-1.21792	3.97373
-1.21792	-3.97373
-14.414	0
-14.2766	1.39539
-14.2766	-1.39539
-13.8696	2.73715
-13.8696	-2.73715
-13.2086	3.97373
-13.2086	-3.97373
-12.3191	5.05759
-12.3191	-5.05759
-11.2352	5.9471
-11.2352	-5.9471
-9.99867	6.60806
-9.99867	-6.60806
-8.6569	7.01508
-8.6569	-7.01508
-7.26152	7.15252
-7.26152	-7.15252
-5.86613	7.01508
-5.86613	-7.01508
-4.52437	6.60806
-4.52437	-6.60806
-3.28779	5.9471
-3.28779	-5.9471
-2.20392	5.05759
-2.20392	-5.05759
-0.109	0
-0.246434	1.39539
-0.246434	-1.39539
-0.653453	2.73715
-0.653453	-2.73715
-1.31442	3.97373
-1.31442	-3.97373
-15.655	0
-15.5176	1.39539
-15.5176	-1.39539
-15.1106	2.73715
-15.1106	-2.73715
-14.4496	3.97373
-14.4496	-3.97373
-13.5601	5.05759
-13.5601	-5.05759
-12.4762	5.9471
-12.4762	-5.9471
-11.2397	6.60806
-11.2397	-6.60806
-9.8979	7.01508
-9.8979	-7.01508
-8.50252	7.15252
-8.50252	-7.15252
-7.10713	7.01508
-7.10713	-7.01508
-5.76537	6.60806
-5.76537	-6.60806
-4.52879	5.9471
-4.52879	-5.9471
-3.44492	5.05759
-3.44492	-5.05759
-1.35	0
-1.48743	1.39539
-1.48743	-1.39539
-1.89445	2.73715
-1.89445	-2.73715
-2.55542	3.97373
-2.55542	-3.97373
-14.622	0
-14.4846	1.39539
-14.4846	-1.39539
-14.0776	2.73715
-14.0776	-2.73715
-13.4166	3.97373
-13.4166	-3.97373
-12.5271	5.05759
-12.5271	-5.05759
-11.4432	5.9471
-11.4432	-5.9471
-10.2067	6.60806
-10.2067	-6.60806
-8.8649	7.01508
-8.8649	-7.01508
-7.46952	7.15252
-7.46952	-7.15252
-6.07413	7.01508
-6.07413	-7.01508
-4.73237	6.60806
-4.73237	-6.60806
-3.49579	5.9471
-3.49579	-5.9471
-2.41192	5.05759
-2.41192	-5.05759
-0.317	0
-0.454434	1.39539
-0.454434	-1.39539
-0.861453	2.73715
-0.861453	-2.73715
-1.52242	3.97373
-1.52242	-3.97373
-14.3368	0
-14.1994	1.39539
-14.1994	-1.39539
-13.7924	2.73715
-13.7924	-2.73715
-13.1314	3.97373
-13.1314	-3.97373
-12.2419	5.05759
-12.2419	-5.05759
-11.158	5.9471
-11.158	-5.9471
-9.92147	6.60806
-9.92147	-6.60806
-8.5797	7.01508
-8.5797	-7.01508
-7.18432	7.15252
-7.18432	-7.15252
-5.78893	7.01508
-5.78893	-7.01508
-4.44717	6.60806
-4.44717	-6.60806
-3.21059	5.9471
-3.21059	-5.9471
-2.12672	5.05759
-2.12672	-5.05759
-0.0318	0
-0.169234	1.39539
-0.169234	-1.39539
-0.576253	2.73715
-0.576253	-2.73715
-1.23722	3.97373
-1.23722	-3.97373
-22.945	0
-22.8076	1.39539
-22.8076	-1.39539
-22.4006	2.73715
-22.4006	-2.73715
-21.7396	3.97373
-21.7396	-3.97373
-20.8501	5.05759
-20.8501	-5.05759
-19.7662	5.9471
-19.7662	-5.9471
-18.5297	6.60806
-18.5297	-6.60806
-17.1879	7.01508
-17.1879	-7.01508
-15.7925	7.15252
-15.7925	-7.15252
-14.3971	7.01508
-14.3971	-7.01508
-13.0554	6.60806
-13.0554	-6.60806
-11.8188	5.9471
-11.8188	-5.9471
-10.7349	5.05759
-10.7349	-5.05759
-8.64	0
-8.77743	1.39539
-8.77743	-1.39539
-9.18445	2.73715
-9.18445	-2.73715
-9.84542	3.97373
-9.84542	-3.97373
-13.6197	0
-13.489	1.32732
-13.489	-1.32732
-13.1018	2.60363
-13.1018	-2.60363
-12.4731	3.77988
-12.4731	-3.77988
-11.627	4.81088
-11.627	-4.81088
-10.596	5.657
-10.596	-5.657
-9.41974	6.28572
-9.41974	-6.28572
-8.14343	6.67288
-8.14343	-6.67288
-6.81611	6.80361
-6.81611	-6.80361
-5.48879	6.67288
-5.48879	-6.67288
-4.21248	6.28572
-4.21248	-6.28572
-3.03623	5.657
-3.03623	-5.657
-2.00523	4.81088
-2.00523	-4.81088
-0.0125	0
-0.14323	1.32732
-0.14323	-1.32732
-0.530394	2.60363
-0.530394	-2.60363
-1.15912	3.77988
-1.15912	-3.77988
-13.7162	0
-13.5855	1.32732
-13.5855	-1.32732
-13.1983	2.60363
-13.1983	-2.60363
-12.5696	3.77988
-12.5696	-3.77988
-11.7235	4.81088
-11.7235	-4.81088
-10.6925	5.657
-10.6925	-5.657
-9.51624	6.28572
-9.51624	-6.28572
-8.23993	6.67288
-8.23993	-6.67288
-6.91261	6.80361
-6.91261	-6.80361
-5.58529	6.67288
-5.58529	-6.67288
-4.30898	6.28572
-4.30898	-6.28572
-3.13273	5.657
-3.13273	-5.657
-2.10173	4.81088
-2.10173	-4.81088
-0.109	0
-0.23973	1.32732
-0.23973	-1.32732
-0.626894	2.60363
-0.626894	-2.60363
-1.25562	3.77988
-1.25562	-3.77988
-14.9572	0
-14.8265	1.32732
-14.8265	-1.32732
-14.4393	2.60363
-14.4393	-2.60363
-13.8106	3.77988
-13.8106	-3.77988
-12.9645	4.81088
-12.9645	-4.81088
-11.9335	5.657
-11.9335	-5.657
-10.7572	6.28572
-10.7572	-6.28572
-9.48093	6.67288
-9.48093	-6.67288
-8.15361	6.80361
-8.15361	-6.80361
-6.82629	6.67288
-6.82629	-6.67288
-5.54998	6.28572
-5.54998	-6.28572
-4.37373	5.657
-4.37373	-5.657
-3.34273	4.81088
-3.34273	-4.81088
-1.35	0
-1.48073	1.32732
-1.48073	-1.32732
-1.86789	2.60363
-1.86789	-2.60363
-2.49662	3.77988
-2.49662	-3.77988
-13.9242	0
-13.7935	1.32732
-13.7935	-1.32732
-13.4063	2.60363
-13.4063	-2.60363
-12.7776	3.77988
-12.7776	-3.77988
-11.9315	4.81088
-11.9315	-4.81088
-10.9005	5.657
-10.9005	-5.657
-9.72424	6.28572
-9.72424	-6.28572
-8.44793	6.67288
-8.44793	-6.67288
-7.12061	6.80361
-7.12061	-6.80361
-5.79329	6.67288
-5.79329	-6.67288
-4.51698	6.28572
-4.51698	-6.28572
-3.34073	5.657
-3.34073	-5.657
-2.30973	4.81088
-2.30973	-4.81088
-0.317	0
-0.44773	1.32732
-0.44773	-1.32732
-0.834894	2.60363
-0.834894	-2.60363
-1.46362	3.77988
-1.46362	-3.77988
-13.639	0
-13.5083	1.32732
-13.5083	-1.32732
-13.1211	2.60363
-13.1211	-2.60363
-12.4924	3.77988
-12.4924	-3.77988
-11.6463	4.81088
-11.6463	-4.81088
-10.6153	5.657
-10.6153	-5.657
-9.43904	6.28572
-9.43904	-6.28572
-8.16273	6.67288
-8.16273	-6.67288
-6.83541	6.80361
-6.83541	-6.80361
-5.50809	6.67288
-5.50809	-6.67288
-4.23178	6.28572
-4.23178	-6.28572
-3.05553	5.657
-3.05553	-5.657
-2.02453	4.81088
-2.02453	-4.81088
-0.0318	0
-0.16253	1.32732
-0.16253	-1.32732
-0.549694	2.60363
-0.549694	-2.60363
-1.17842	3.77988
-1.17842	-3.77988
-22.2472	0
-22.1165	1.32732
-22.1165	-1.32732
-21.7293	2.60363
-21.7293	-2.60363
-21.1006	3.77988
-21.1006	-3.77988
-20.2545	4.81088
-20.2545	-4.81088
-19.2235	5.657
-19.2235	-5.657
-18.0472	6.28572
-18.0472	-6.28572
-16.7709	6.67288
-16.7709	-6.67288
-15.4436	6.80361
-15.4436	-6.80361
-14.1163	6.67288
-14.1163	-6.67288
-12.84	6.28572
-12.84	-6.28572
-11.6637	5.657
-11.6637	-5.657
-10.6327	4.81088
-10.6327	-4.81088
-8.64	0
-8.77073	1.32732
-8.77073	-1.32732
-9.15789	2.60363
-9.15789	-2.60363
-9.78662	3.77988
-9.78662	-3.77988
-13.4802	0
-13.3508	1.31371
-13.3508	-1.31371
-12.9676	2.57693
-12.9676	-2.57693
-12.3453	3.74112
-12.3453	-3.74112
-11.5079	4.76154
-11.5079	-4.76154
-10.4874	5.59898
-10.4874	-5.59898
-9.32326	6.22125
-9.32326	-6.22125
-8.06004	6.60444
-8.06004	-6.60444
-6.74633	6.73383
-6.74633	-6.73383
-5.43263	6.60444
-5.43263	-6.60444
-4.16941	6.22125
-4.16941	-6.22125
-3.00522	5.59898
-3.00522	-5.59898
-1.98479	4.76154
-1.98479	-4.76154
-0.0125	0
-0.141889	1.31371
-0.141889	-1.31371
-0.525082	2.57693
-0.525082	-2.57693
-1.14736	3.74112
-1.14736	-3.74112
-13.5767	0
-13.4473	1.31371
-13.4473	-1.31371
-13.0641	2.57693
-13.0641	-2.57693
-12.4418	3.74112
-12.4418	-3.74112
-11.6044	4.76154
-11.6044	-4.76154
-10.5839	5.59898
-10.5839	-5.59898
-9.41976	6.22125
-9.41976	-6.22125
-8.15654	6.60444
-8.15654	-6.60444
-6.84283	6.73383
-6.84283	-6.73383
-5.52913	6.60444
-5.52913	-6.60444
-4.26591	6.22125
-4.26591	-6.22125
-3.10172	5.59898
-3.10172	-5.59898
-2.08129	4.76154
-2.08129	-4.76154
-0.109	0
-0.238389	1.31371
-0.238389	-1.31371
-0.621582	2.57693
-0.621582	-2.57693
-1.24386	3.74112
-1.24386	-3.74112
-14.8177	0
-14.6883	1.31371
-14.6883	-1.31371
-14.3051	2.57693
-14.3051	-2.57693
-13.6828	3.74112
-13.6828	-3.74112
-12.8454	4.76154
-12.8454	-4.76154
-11.8249	5.59898
-11.8249	-5.59898
-10.6608	6.22125
-10.6608	-6.22125
-9.39754	6.60444
-9.39754	-6.60444
-8.08383	6.73383
-8.08383	-6.73383
-6.77013	6.60444
-6.77013	-6.60444
-5.50691	6.22125
-5.50691	-6.22125
-4.34272	5.59898
-4.34272	-5.59898
-3.32229	4.76154
-3.32229	-4.76154
-1.35	0
-1.47939	1.31371
-1.47939	-1.31371
-1.86258	2.57693
-1.86258	-2.57693
-2.48486	3.74112
-2.48486	-3.74112
-13.7847	0
-13.6553	1.31371
-13.6553	-1.31371
-13.2721	2.57693
-13.2721	-2.57693
-12.6498	3.74112
-12.6498	-3.74112
-11.8124	4.76154
-11.8124	-4.76154
-10.7919	5.59898
-10.7919	-5.59898
-9.62776	6.22125
-9.62776	-6.22125
-8.36454	6.60444
-8.36454	-6.60444
-7.05083	6.73383
-7.05083	-6.73383
-5.73713	6.60444
-5.73713	-6.60444
-4.47391	6.22125
-4.47391	-6.22125
-3.30972	5.59898
-3.30972	-5.59898
-2.28929	4.76154
-2.28929	-4.76154
-0.317	0
-0.446389	1.31371
-0.446389	-1.31371
-0.829582	2.57693
-0.829582	-2.57693
-1.45186	3.74112
-1.45186	-3.74112
-13.4995	0
-13.3701	1.31371
-13.3701	-1.31371
-12.9869	2.57693
-12.9869	-2.57693
-12.3646	3.74112
-12.3646	-3.74112
-11.5272	4.76154
-11.5272	-4.76154
-10.5067	5.59898
-10.5067	-5.59898
-9.34256	6.22125
-9.34256	-6.22125
-8.07934	6.60444
-8.07934	-6.60444
-6.76563	6.73383
-6.76563	-6.73383
-5.45193	6.60444
-5.45193	-6.60444
-4.18871	6.22125
-4.18871	-6.22125
-3.02452	5.59898
-3.02452	-5.59898
-2.00409	4.76154
-2.00409	-4.76154
-0.0318	0
-0.161189	1.31371
-0.161189	-1.31371
-0.544382	2.57693
-0.544382	-2.57693
-1.16666	3.74112
-1.16666	-3.74112
-22.1077	0
-21.9783	1.31371
-21.9783	-1.31371
-21.5951	2.57693
-21.5951	-2.57693
-20.9728	3.74112
-20.9728	-3.74112
-20.1354	4.76154
-20.1354	-4.76154
-19.1149	5.59898
-19.1149	-5.59898
-17.9508	6.22125
-17.9508	-6.22125
-16.6875	6.60444
-16.6875	-6.60444
-15.3738	6.73383
-15.3738	-6.73383
-14.0601	6.60444
-14.0601	-6.60444
-12.7969	6.22125
-12.7969	-6.22125
-11.6327	5.59898
-11.6327	-5.59898
-10.6123	4.76154
-10.6123	-4.76154
-8.64	0
-8.76939	1.31371
-8.76939	-1.31371
-9.15258	2.57693
-9.15258	-2.57693
-9.77486	3.74112
-9.77486	-3.74112
-13.2708	0
-13.1434	1.29329
-13.1434	-1.29329
-12.7662	2.53687
-12.7662	-2.53687
-12.1536	3.68296
-12.1536	-3.68296
-11.3292	4.68752
-11.3292	-4.68752
-10.3246	5.51195
-10.3246	-5.51195
-9.17853	6.12455
-9.17853	-6.12455
-7.93495	6.50178
-7.93495	-6.50178
-6.64166	6.62916
-6.64166	-6.62916
-5.34838	6.50178
-5.34838	-6.50178
-4.10479	6.12455
-4.10479	-6.12455
-2.9587	5.51195
-2.9587	-5.51195
-1.95414	4.68752
-1.95414	-4.68752
-0.0125	0
-0.139877	1.29329
-0.139877	-1.29329
-0.517115	2.53687
-0.517115	-2.53687
-1.12972	3.68296
-1.12972	-3.68296
-13.3673	0
-13.2399	1.29329
-13.2399	-1.29329
-12.8627	2.53687
-12.8627	-2.53687
-12.2501	3.68296
-12.2501	-3.68296
-11.4257	4.68752
-11.4257	-4.68752
-10.4211	5.51195
-10.4211	-5.51195
-9.27503	6.12455
-9.27503	-6.12455
-8.03145	6.50178
-8.03145	-6.50178
-6.73816	6.62916
-6.73816	-6.62916
-5.44488	6.50178
-5.44488	-6.50178
-4.20129	6.12455
-4.20129	-6.12455
-3.0552	5.51195
-3.0552	-5.51195
-2.05064	4.68752
-2.05064	-4.68752
-0.109	0
-0.236377	1.29329
-0.236377	-1.29329
-0.613615	2.53687
-0.613615	-2.53687
-1.22622	3.68296
-1.22622	-3.68296
-14.6083	0
-14.4809	1.29329
-14.4809	-1.29329
-14.1037	2.53687
-14.1037	-2.53687
-13.4911	3.68296
-13.4911	-3.68296
-12.6667	4.68752
-12.6667	-4.68752
-11.6621	5.51195
-11.6621	-5.51195
-10.516	6.12455
-10.516	-6.12455
-9.27245	6.50178
-9.27245	-6.50178
-7.97916	6.62916
-7.97916	-6.62916
-6.68588	6.50178
-6.68588	-6.50178
-5.44229	6.12455
-5.44229	-6.12455
-4.2962	5.51195
-4.2962	-5.51195
-3.29164	4.68752
-3.29164	-4.68752
-1.35	0
-1.47738	1.29329
-1.47738	-1.29329
-1.85461	2.53687
-1.85461	-2.53687
-2.46722	3.68296
-2.46722	-3.68296
-13.5753	0
-13.4479	1.29329
-13.4479	-1.29329
-13.0707	2.53687
-13.0707	-2.53687
-12.4581	3.68296
-12.4581	-3.68296
-11.6337	4.68752
-11.6337	-4.68752
-10.6291	5.51195
-10.6291	-5.51195
-9.48303	6.12455
-9.48303	-6.12455
-8.23945	6.50178
-8.23945	-6.50178
-6.94616	6.62916
-6.94616	-6.62916
-5.65288	6.50178
-5.65288	-6.50178
-4.40929	6.12455
-4.40929	-6.12455
-3.2632	5.51195
-3.2632	-5.51195
-2.25864	4.68752
-2.25864	-4.68752
-0.317	0
-0.444377	1.29329
-0.444377	-1.29329
-0.821615	2.53687
-0.821615	-2.53687
-1.43422	3.68296
-1.43422	-3.68296
-13.2901	0
-13.1627	1.29329
-13.1627	-1.29329
-12.7855	2.53687
-12.7855	-2.53687
-12.1729	3.68296
-12.1729	-3.68296
-11.3485	4.68752
-11.3485	-4.68752
-10.3439	5.51195
-10.3439	-5.51195
-9.19783	6.12455
-9.19783	-6.12455
-7.95425	6.50178
-7.95425	-6.50178
-6.66096	6.62916
-6.66096	-6.62916
-5.36768	6.50178
-5.36768	-6.50178
-4.12409	6.12455
-4.12409	-6.12455
-2.978	5.51195
-2.978	-5.51195
-1.97344	4.68752
-1.97344	-4.68752
-0.0318	0
-0.159177	1.29329
-0.159177	-1.29329
-0.536415	2.53687
-0.536415	-2.53687
-1.14902	3.68296
-1.14902	-3.68296
-21.8983	0
-21.7709	1.29329
-21.7709	-1.29329
-21.3937	2.53687
-21.3937	-2.53687
-20.7811	3.68296
-20.7811	-3.68296
-19.9567	4.68752
-19.9567	-4.68752
-18.9521	5.51195
-18.9521	-5.51195
-17.806	6.12455
-17.806	-6.12455
-16.5624	6.50178
-16.5624	-6.50178
-15.2692	6.62916
-15.2692	-6.62916
-13.9759	6.50178
-13.9759	-6.50178
-12.7323	6.12455
-12.7323	-6.12455
-11.5862	5.51195
-11.5862	-5.51195
-10.5816	4.68752
-10.5816	-4.68752
-8.64	0
-8.76738	1.29329
-8.76738	-1.29329
-9.14461	2.53687
-9.14461	-2.53687
-9.75722	3.68296
-9.75722	-3.68296
-13.1313	0
-13.0052	1.27967
-13.0052	-1.27967
-12.632	2.51017
-12.632	-2.51017
-12.0258	3.6442
-12.0258	-3.6442
-11.2101	4.63818
-11.2101	-4.63818
-10.2161	5.45393
-10.2161	-5.45393
-9.08205	6.06008
-9.08205	-6.06008
-7.85155	6.43334
-7.85155	-6.43334
-6.57188	6.55938
-6.57188	-6.55938
-5.29221	6.43334
-5.29221	-6.43334
-4.06171	6.06008
-4.06171	-6.06008
-2.92768	5.45393
-2.92768	-5.45393
-1.9337	4.63818
-1.9337	-4.63818
-0.0125	0
-0.138537	1.27967
-0.138537	-1.27967
-0.511803	2.51017
-0.511803	-2.51017
-1.11795	3.6442
-1.11795	-3.6442
-13.2278	0
-13.1017	1.27967
-13.1017	-1.27967
-12.7285	2.51017
-12.7285	-2.51017
-12.1223	3.6442
-12.1223	-3.6442
-11.3066	4.63818
-11.3066	-4.63818
-10.3126	5.45393
-10.3126	-5.45393
-9.17855	6.06008
-9.17855	-6.06008
-7.94805	6.43334
-7.94805	-6.43334
-6.66838	6.55938
-6.66838	-6.55938
-5.38871	6.43334
-5.38871	-6.43334
-4.15821	6.06008
-4.15821	-6.06008
-3.02418	5.45393
-3.02418	-5.45393
-2.0302	4.63818
-2.0302	-4.63818
-0.109	0
-0.235037	1.27967
-0.235037	-1.27967
-0.608303	2.51017
-0.608303	-2.51017
-1.21445	3.6442
-1.21445	-3.6442
-14.4688	0
-14.3427	1.27967
-14.3427	-1.27967
-13.9695	2.51017
-13.9695	-2.51017
-13.3633	3.6442
-13.3633	-3.6442
-12.5476	4.63818
-12.5476	-4.63818
-11.5536	5.45393
-11.5536	-5.45393
-10.4195	6.06008
-10.4195	-6.06008
-9.18905	6.43334
-9.18905	-6.43334
-7.90938	6.55938
-7.90938	-6.55938
-6.62971	6.43334
-6.62971	-6.43334
-5.39921	6.06008
-5.39921	-6.06008
-4.26518	5.45393
-4.26518	-5.45393
-3.2712	4.63818
-3.2712	-4.63818
-1.35	0
-1.47604	1.27967
-1.47604	-1.27967
-1.8493	2.51017
-1.8493	-2.51017
-2.45545	3.6442
-2.45545	-3.6442
-13.4358	0
-13.3097	1.27967
-13.3097	-1.27967
-12.9365	2.51017
-12.9365	-2.51017
-12.3303	3.6442
-12.3303	-3.6442
-11.5146	4.63818
-11.5146	-4.63818
-10.5206	5.45393
-10.5206	-5.45393
-9.38655	6.06008
-9.38655	-6.06008
-8.15605	6.43334
-8.15605	-6.43334
-6.87638	6.55938
-6.87638	-6.55938
-5.59671	6.43334
-5.59671	-6.43334
-4.36621	6.06008
-4.36621	-6.06008
-3.23218	5.45393
-3.23218	-5.45393
-2.2382	4.63818
-2.2382	-4.63818
-0.317	0
-0.443037	1.27967
-0.443037	-1.27967
-0.816303	2.51017
-0.816303	-2.51017
-1.42245	3.6442
-1.42245	-3.6442
-13.1506	0
-13.0245	1.27967
-13.0245	-1.27967
-12.6513	2.51017
-12.6513	-2.51017
-12.0451	3.6442
-12.0451	-3.6442
-11.2294	4.63818
-11.2294	-4.63818
-10.2354	5.45393
-10.2354	-5.45393
-9.10135	6.06008
-9.10135	-6.06008
-7.87085	6.43334
-7.87085	-6.43334
-6.59118	6.55938
-6.59118	-6.55938
-5.31151	6.43334
-5.31151	-6.43334
-4.08101	6.06008
-4.08101	-6.06008
-2.94698	5.45393
-2.94698	-5.45393
-1.953	4.63818
-1.953	-4.63818
-0.0318	0
-0.157837	1.27967
-0.157837	-1.27967
-0.531103	2.51017
-0.531103	-2.51017
-1.13725	3.6442
-1.13725	-3.6442
-21.7588	0
-21.6327	1.27967
-21.6327	-1.27967
-21.2595	2.51017
-21.2595	-2.51017
-20.6533	3.6442
-20.6533	-3.6442
-19.8376	4.63818
-19.8376	-4.63818
-18.8436	5.45393
-18.8436	-5.45393
-17.7095	6.06008
-17.7095	-6.06008
-16.4791	6.43334
-16.4791	-6.43334
-15.1994	6.55938
-15.1994	-6.55938
-13.9197	6.43334
-13.9197	-6.43334
-12.6892	6.06008
-12.6892	-6.06008
-11.5552	5.45393
-11.5552	-5.45393
-10.5612	4.63818
-10.5612	-4.63818
-8.64	0
-8.76604	1.27967
-8.76604	-1.27967
-9.1393	2.51017
-9.1393	-2.51017
-9.74545	3.6442
-9.74545	-3.6442
-13.0615	0
-12.9361	1.27286
-12.9361	-1.27286
-12.5648	2.49681
-12.5648	-2.49681
-11.9619	3.62481
-11.9619	-3.62481
-11.1505	4.61351
-11.1505	-4.61351
-10.1618	5.42492
-10.1618	-5.42492
-9.0338	6.02784
-9.0338	-6.02784
-7.80986	6.39912
-7.80986	-6.39912
-6.53699	6.52449
-6.53699	-6.52449
-5.26413	6.39912
-5.26413	-6.39912
-4.04018	6.02784
-4.04018	-6.02784
-2.91218	5.42492
-2.91218	-5.42492
-1.92348	4.61351
-1.92348	-4.61351
-0.0125	0
-0.137866	1.27286
-0.137866	-1.27286
-0.509147	2.49681
-0.509147	-2.49681
-1.11207	3.62481
-1.11207	-3.62481
-13.158	0
-13.0326	1.27286
-13.0326	-1.27286
-12.6613	2.49681
-12.6613	-2.49681
-12.0584	3.62481
-12.0584	-3.62481
-11.247	4.61351
-11.247	-4.61351
-10.2583	5.42492
-10.2583	-5.42492
-9.1303	6.02784
-9.1303	-6.02784
-7.90636	6.39912
-7.90636	-6.39912
-6.63349	6.52449
-6.63349	-6.52449
-5.36063	6.39912
-5.36063	-6.39912
-4.13668	6.02784
-4.13668	-6.02784
-3.00868	5.42492
-3.00868	-5.42492
-2.01998	4.61351
-2.01998	-4.61351
-0.109	0
-0.234366	1.27286
-0.234366	-1.27286
-0.605647	2.49681
-0.605647	-2.49681
-1.20857	3.62481
-1.20857	-3.62481
-14.399	0
-14.2736	1.27286
-14.2736	-1.27286
-13.9023	2.49681
-13.9023	-2.49681
-13.2994	3.62481
-13.2994	-3.62481
-12.488	4.61351
-12.488	-4.61351
-11.4993	5.42492
-11.4993	-5.42492
-10.3713	6.02784
-10.3713	-6.02784
-9.14736	6.39912
-9.14736	-6.39912
-7.87449	6.52449
-7.87449	-6.52449
-6.60163	6.39912
-6.60163	-6.39912
-5.37768	6.02784
-5.37768	-6.02784
-4.24968	5.42492
-4.24968	-5.42492
-3.26098	4.61351
-3.26098	-4.61351
-1.35	0
-1.47537	1.27286
-1.47537	-1.27286
-1.84665	2.49681
-1.84665	-2.49681
-2.44957	3.62481
-2.44957	-3.62481
-13.366	0
-13.2406	1.27286
-13.2406	-1.27286
-12.8693	2.49681
-12.8693	-2.49681
-12.2664	3.62481
-12.2664	-3.62481
-11.455	4.61351
-11.455	-4.61351
-10.4663	5.42492
-10.4663	-5.42492
-9.3383	6.02784
-9.3383	-6.02784
-8.11436	6.39912
-8.11436	-6.39912
-6.84149	6.52449
-6.84149	-6.52449
-5.56863	6.39912
-5.56863	-6.39912
-4.34468	6.02784
-4.34468	-6.02784
-3.21668	5.42492
-3.21668	-5.42492
-2.22798	4.61351
-2.22798	-4.61351
-0.317	0
-0.442366	1.27286
-0.442366	-1.27286
-0.813647	2.49681
-0.813647	-2.49681
-1.41657	3.62481
-1.41657	-3.62481
-13.0808	0
-12.9554	1.27286
-12.9554	-1.27286
-12.5841	2.49681
-12.5841	-2.49681
-11.9812	3.62481
-11.9812	-3.62481
-11.1698	4.61351
-11.1698	-4.61351
-10.1811	5.42492
-10.1811	-5.42492
-9.0531	6.02784
-9.0531	-6.02784
-7.82916	6.39912
-7.82916	-6.39912
-6.55629	6.52449
-6.55629	-6.52449
-5.28343	6.39912
-5.28343	-6.39912
-4.05948	6.02784
-4.05948	-6.02784
-2.93148	5.42492
-2.93148	-5.42492
-1.94278	4.61351
-1.94278	-4.61351
-0.0318	0
-0.157166	1.27286
-0.157166	-1.27286
-0.528447	2.49681
-0.528447	-2.49681
-1.13137	3.62481
-1.13137	-3.62481
-21.689	0
-21.5636	1.27286
-21.5636	-1.27286
-21.1923	2.49681
-21.1923	-2.49681
-20.5894	3.62481
-20.5894	-3.62481
-19.778	4.61351
-19.778	-4.61351
-18.7893	5.42492
-18.7893	-5.42492
-17.6613	6.02784
-17.6613	-6.02784
-16.4374	6.39912
-16.4374	-6.39912
-15.1645	6.52449
-15.1645	-6.52449
-13.8916	6.39912
-13.8916	-6.39912
-12.6677	6.02784
-12.6677	-6.02784
-11.5397	5.42492
-11.5397	-5.42492
-10.551	4.61351
-10.551	-4.61351
-8.64	0
-8.76537	1.27286
-8.76537	-1.27286
-9.13665	2.49681
-9.13665	-2.49681
-9.73957	3.62481
-9.73957	-3.62481
-12.9917	0
-12.867	1.26606
-12.867	-1.26606
-12.4977	2.48346
-12.4977	-2.48346
-11.898	3.60543
-11.898	-3.60543
-11.0909	4.58884
-11.0909	-4.58884
-10.1075	5.39591
-10.1075	-5.39591
-8.98556	5.99561
-8.98556	-5.99561
-7.76816	6.3649
-7.76816	-6.3649
-6.5021	6.4896
-6.5021	-6.4896
-5.23604	6.3649
-5.23604	-6.3649
-4.01864	5.99561
-4.01864	-5.99561
-2.89667	5.39591
-2.89667	-5.39591
-1.91326	4.58884
-1.91326	-4.58884
-0.0125	0
-0.137196	1.26606
-0.137196	-1.26606
-0.506491	2.48346
-0.506491	-2.48346
-1.10619	3.60543
-1.10619	-3.60543
-13.0882	0
-12.9635	1.26606
-12.9635	-1.26606
-12.5942	2.48346
-12.5942	-2.48346
-11.9945	3.60543
-11.9945	-3.60543
-11.1874	4.58884
-11.1874	-4.58884
-10.204	5.39591
-10.204	-5.39591
-9.08206	5.99561
-9.08206	-5.99561
-7.86466	6.3649
-7.86466	-6.3649
-6.5986	6.4896
-6.5986	-6.4896
-5.33254	6.3649
-5.33254	-6.3649
-4.11514	5.99561
-4.11514	-5.99561
-2.99317	5.39591
-2.99317	-5.39591
-2.00976	4.58884
-2.00976	-4.58884
-0.109	0
-0.233696	1.26606
-0.233696	-1.26606
-0.602991	2.48346
-0.602991	-2.48346
-1.20269	3.60543
-1.20269	-3.60543
-14.3292	0
-14.2045	1.26606
-14.2045	-1.26606
-13.8352	2.48346
-13.8352	-2.48346
-13.2355	3.60543
-13.2355	-3.60543
-12.4284	4.58884
-12.4284	-4.58884
-11.445	5.39591
-11.445	-5.39591
-10.3231	5.99561
-10.3231	-5.99561
-9.10566	6.3649
-9.10566	-6.3649
-7.8396	6.4896
-7.8396	-6.4896
-6.57354	6.3649
-6.57354	-6.3649
-5.35614	5.99561
-5.35614	-5.99561
-4.23417	5.39591
-4.23417	-5.39591
-3.25076	4.58884
-3.25076	-4.58884
-1.35	0
-1.4747	1.26606
-1.4747	-1.26606
-1.84399	2.48346
-1.84399	-2.48346
-2.44369	3.60543
-2.44369	-3.60543
-13.2962	0
-13.1715	1.26606
-13.1715	-1.26606
-12.8022	2.48346
-12.8022	-2.48346
-12.2025	3.60543
-12.2025	-3.60543
-11.3954	4.58884
-11.3954	-4.58884
-10.412	5.39591
-10.412	-5.39591
-9.29006	5.99561
-9.29006	-5.99561
-8.07266	6.3649
-8.07266	-6.3649
-6.8066	6.4896
-6.8066	-6.4896
-5.54054	6.3649
-5.54054	-6.3649
-4.32314	5.99561
-4.32314	-5.99561
-3.20117	5.39591
-3.20117	-5.39591
-2.21776	4.58884
-2.21776	-4.58884
-0.317	0
-0.441696	1.26606
-0.441696	-1.26606
-0.810991	2.48346
-0.810991	-2.48346
-1.41069	3.60543
-1.41069	-3.60543
-13.011	0
-12.8863	1.26606
-12.8863	-1.26606
-12.517	2.48346
-12.517	-2.48346
-11.9173	3.60543
-11.9173	-3.60543
-11.1102	4.58884
-11.1102	-4.58884
-10.1268	5.39591
-10.1268	-5.39591
-9.00486	5.99561
-9.00486	-5.99561
-7.78746	6.3649
-7.78746	-6.3649
-6.5214	6.4896
-6.5214	-6.4896
-5.25534	6.3649
-5.25534	-6.3649
-4.03794	5.99561
-4.03794	-5.99561
-2.91597	5.39591
-2.91597	-5.39591
-1.93256	4.58884
-1.93256	-4.58884
-0.0318	0
-0.156496	1.26606
-0.156496	-1.26606
-0.525791	2.48346
-0.525791	-2.48346
-1.12549	3.60543
-1.12549	-3.60543
-21.6192	0
-21.4945	1.26606
-21.4945	-1.26606
-21.1252	2.48346
-21.1252	-2.48346
-20.5255	3.60543
-20.5255	-3.60543
-19.7184	4.58884
-19.7184	-4.58884
-18.735	5.39591
-18.735	-5.39591
-17.6131	5.99561
-17.6131	-5.99561
-16.3957	6.3649
-16.3957	-6.3649
-15.1296	6.4896
-15.1296	-6.4896
-13.8635	6.3649
-13.8635	-6.3649
-12.6461	5.99561
-12.6461	-5.99561
-11.5242	5.39591
-11.5242	-5.39591
-10.5408	4.58884
-10.5408	-4.58884
-8.64	0
-8.7647	1.26606
-8.7647	-1.26606
-9.13399	2.48346
-9.13399	-2.48346
-9.73369	3.60543
-9.73369	-3.60543
-12.9219	0
-12.7979	1.25925
-12.7979	-1.25925
-12.4306	2.47011
-12.4306	-2.47011
-11.8341	3.58604
-11.8341	-3.58604
-11.0314	4.56417
-11.0314	-4.56417
-10.0533	5.36689
-10.0533	-5.36689
-8.93732	5.96337
-8.93732	-5.96337
-7.72646	6.33068
-7.72646	-6.33068
-6.46721	6.45471
-6.46721	-6.45471
-5.20796	6.33068
-5.20796	-6.33068
-3.9971	5.96337
-3.9971	-5.96337
-2.88117	5.36689
-2.88117	-5.36689
-1.90304	4.56417
-1.90304	-4.56417
-0.0125	0
-0.136525	1.25925
-0.136525	-1.25925
-0.503836	2.47011
-0.503836	-2.47011
-1.10031	3.58604
-1.10031	-3.58604
-13.0184	0
-12.8944	1.25925
-12.8944	-1.25925
-12.5271	2.47011
-12.5271	-2.47011
-11.9306	3.58604
-11.9306	-3.58604
-11.1279	4.56417
-11.1279	-4.56417
-10.1498	5.36689
-10.1498	-5.36689
-9.03382	5.96337
-9.03382	-5.96337
-7.82296	6.33068
-7.82296	-6.33068
-6.56371	6.45471
-6.56371	-6.45471
-5.30446	6.33068
-5.30446	-6.33068
-4.0936	5.96337
-4.0936	-5.96337
-2.97767	5.36689
-2.97767	-5.36689
-1.99954	4.56417
-1.99954	-4.56417
-0.109	0
-0.233025	1.25925
-0.233025	-1.25925
-0.600336	2.47011
-0.600336	-2.47011
-1.19681	3.58604
-1.19681	-3.58604
-14.2594	0
-14.1354	1.25925
-14.1354	-1.25925
-13.7681	2.47011
-13.7681	-2.47011
-13.1716	3.58604
-13.1716	-3.58604
-12.3689	4.56417
-12.3689	-4.56417
-11.3908	5.36689
-11.3908	-5.36689
-10.2748	5.96337
-10.2748	-5.96337
-9.06396	6.33068
-9.06396	-6.33068
-7.80471	6.45471
-7.80471	-6.45471
-6.54546	6.33068
-6.54546	-6.33068
-5.3346	5.96337
-5.3346	-5.96337
-4.21867	5.36689
-4.21867	-5.36689
-3.24054	4.56417
-3.24054	-4.56417
-1.35	0
-1.47403	1.25925
-1.47403	-1.25925
-1.84134	2.47011
-1.84134	-2.47011
-2.43781	3.58604
-2.43781	-3.58604
-13.2264	0
-13.1024	1.25925
-13.1024	-1.25925
-12.7351	2.47011
-12.7351	-2.47011
-12.1386	3.58604
-12.1386	-3.58604
-11.3359	4.56417
-11.3359	-4.56417
-10.3578	5.36689
-10.3578	-5.36689
-9.24182	5.96337
-9.24182	-5.96337
-8.03096	6.33068
-8.03096	-6.33068
-6.77171	6.45471
-6.77171	-6.45471
-5.51246	6.33068
-5.51246	-6.33068
-4.3016	5.96337
-4.3016	-5.96337
-3.18567	5.36689
-3.18567	-5.36689
-2.20754	4.56417
-2.20754	-4.56417
-0.317	0
-0.441025	1.25925
-0.441025	-1.25925
-0.808336	2.47011
-0.808336	-2.47011
-1.40481	3.58604
-1.40481	-3.58604
-12.9412	0
-12.8172	1.25925
-12.8172	-1.25925
-12.4499	2.47011
-12.4499	-2.47011
-11.8534	3.58604
-11.8534	-3.58604
-11.0507	4.56417
-11.0507	-4.56417
-10.0726	5.36689
-10.0726	-5.36689
-8.95662	5.96337
-8.95662	-5.96337
-7.74576	6.33068
-7.74576	-6.33068
-6.48651	6.45471
-6.48651	-6.45471
-5.22726	6.33068
-5.22726	-6.33068
-4.0164	5.96337
-4.0164	-5.96337
-2.90047	5.36689
-2.90047	-5.36689
-1.92234	4.56417
-1.92234	-4.56417
-0.0318	0
-0.155825	1.25925
-0.155825	-1.25925
-0.523136	2.47011
-0.523136	-2.47011
-1.11961	3.58604
-1.11961	-3.58604
-21.5494	0
-21.4254	1.25925
-21.4254	-1.25925
-21.0581	2.47011
-21.0581	-2.47011
-20.4616	3.58604
-20.4616	-3.58604
-19.6589	4.56417
-19.6589	-4.56417
-18.6808	5.36689
-18.6808	-5.36689
-17.5648	5.96337
-17.5648	-5.96337
-16.354	6.33068
-16.354	-6.33068
-15.0947	6.45471
-15.0947	-6.45471
-13.8355	6.33068
-13.8355	-6.33068
-12.6246	5.96337
-12.6246	-5.96337
-11.5087	5.36689
-11.5087	-5.36689
-10.5305	4.56417
-10.5305	-4.56417
-8.64	0
-8.76403	1.25925
-8.76403	-1.25925
-9.13134	2.47011
-9.13134	-2.47011
-9.72781	3.58604
-9.72781	-3.58604
-12.8521	0
-12.7288	1.25244
-12.7288	-1.25244
-12.3635	2.45676
-12.3635	-2.45676
-11.7702	3.56666
-11.7702	-3.56666
-10.9718	4.5395
-10.9718	-4.5395
-9.99898	5.33788
-9.99898	-5.33788
-8.88908	5.93114
-8.88908	-5.93114
-7.68476	6.29646
-7.68476	-6.29646
-6.43232	6.41982
-6.43232	-6.41982
-5.17987	6.29646
-5.17987	-6.29646
-3.97556	5.93114
-3.97556	-5.93114
-2.86566	5.33788
-2.86566	-5.33788
-1.89282	4.5395
-1.89282	-4.5395
-0.0125	0
-0.135855	1.25244
-0.135855	-1.25244
-0.50118	2.45676
-0.50118	-2.45676
-1.09443	3.56666
-1.09443	-3.56666
-12.9486	0
-12.8253	1.25244
-12.8253	-1.25244
-12.46	2.45676
-12.46	-2.45676
-11.8667	3.56666
-11.8667	-3.56666
-11.0683	4.5395
-11.0683	-4.5395
-10.0955	5.33788
-10.0955	-5.33788
-8.98558	5.93114
-8.98558	-5.93114
-7.78126	6.29646
-7.78126	-6.29646
-6.52882	6.41982
-6.52882	-6.41982
-5.27637	6.29646
-5.27637	-6.29646
-4.07206	5.93114
-4.07206	-5.93114
-2.96216	5.33788
-2.96216	-5.33788
-1.98932	4.5395
-1.98932	-4.5395
-0.109	0
-0.232355	1.25244
-0.232355	-1.25244
-0.59768	2.45676
-0.59768	-2.45676
-1.19093	3.56666
-1.19093	-3.56666
-14.1896	0
-14.0663	1.25244
-14.0663	-1.25244
-13.701	2.45676
-13.701	-2.45676
-13.1077	3.56666
-13.1077	-3.56666
-12.3093	4.5395
-12.3093	-4.5395
-11.3365	5.33788
-11.3365	-5.33788
-10.2266	5.93114
-10.2266	-5.93114
-9.02226	6.29646
-9.02226	-6.29646
-7.76982	6.41982
-7.76982	-6.41982
-6.51737	6.29646
-6.51737	-6.29646
-5.31306	5.93114
-5.31306	-5.93114
-4.20316	5.33788
-4.20316	-5.33788
-3.23032	4.5395
-3.23032	-4.5395
-1.35	0
-1.47336	1.25244
-1.47336	-1.25244
-1.83868	2.45676
-1.83868	-2.45676
-2.43193	3.56666
-2.43193	-3.56666
-13.1566	0
-13.0333	1.25244
-13.0333	-1.25244
-12.668	2.45676
-12.668	-2.45676
-12.0747	3.56666
-12.0747	-3.56666
-11.2763	4.5395
-11.2763	-4.5395
-10.3035	5.33788
-10.3035	-5.33788
-9.19358	5.93114
-9.19358	-5.93114
-7.98926	6.29646
-7.98926	-6.29646
-6.73682	6.41982
-6.73682	-6.41982
-5.48437	6.29646
-5.48437	-6.29646
-4.28006	5.93114
-4.28006	-5.93114
-3.17016	5.33788
-3.17016	-5.33788
-2.19732	4.5395
-2.19732	-4.5395
-0.317	0
-0.440355	1.25244
-0.440355	-1.25244
-0.80568	2.45676
-0.80568	-2.45676
-1.39893	3.56666
-1.39893	-3.56666
-12.8714	0
-12.7481	1.25244
-12.7481	-1.25244
-12.3828	2.45676
-12.3828	-2.45676
-11.7895	3.56666
-11.7895	-3.56666
-10.9911	4.5395
-10.9911	-4.5395
-10.0183	5.33788
-10.0183	-5.33788
-8.90838	5.93114
-8.90838	-5.93114
-7.70406	6.29646
-7.70406	-6.29646
-6.45162	6.41982
-6.45162	-6.41982
-5.19917	6.29646
-5.19917	-6.29646
-3.99486	5.93114
-3.99486	-5.93114
-2.88496	5.33788
-2.88496	-5.33788
-1.91212	4.5395
-1.91212	-4.5395
-0.0318	0
-0.155155	1.25244
-0.155155	-1.25244
-0.52048	2.45676
-0.52048	-2.45676
-1.11373	3.56666
-1.11373	-3.56666
-21.4796	0
-21.3563	1.25244
-21.3563	-1.25244
-20.991	2.45676
-20.991	-2.45676
-20.3977	3.56666
-20.3977	-3.56666
-19.5993	4.5395
-19.5993	-4.5395
-18.6265	5.33788
-18.6265	-5.33788
-17.5166	5.93114
-17.5166	-5.93114
-16.3123	6.29646
-16.3123	-6.29646
-15.0598	6.41982
-15.0598	-6.41982
-13.8074	6.29646
-13.8074	-6.29646
-12.6031	5.93114
-12.6031	-5.93114
-11.4932	5.33788
-11.4932	-5.33788
-10.5203	4.5395
-10.5203	-4.5395
-8.64	0
-8.76336	1.25244
-8.76336	-1.25244
-9.12868	2.45676
-9.12868	-2.45676
-9.72193	3.56666
-9.72193	-3.56666
0	0
