-29.2659	0
-14.6392	0.00E+00
-14.6392	1.12E-05
-14.6392	-1.12E-05
-14.6392	0.00E+00
-14.6392	0.00E+00
-14.6392	5.26E-08
-14.6392	-5.26E-08
-14.6392	1.51E-07
-14.6392	-1.51E-07
-14.6392	0.00E+00
-14.6392	0.00E+00
-14.6392	0
-14.6392	0
-14.6392	1.35E-07
-14.6392	-1.35E-07
-14.6392	1.57E-07
-14.6392	-1.57E-07
-14.6392	1.33E-07
-14.6392	-1.33E-07
-14.6392	2.25E-07
-14.6392	-2.25E-07
-14.6392	0
-14.6392	0
-14.6392	0
-14.6392	0
-14.6392	0.00E+00
-14.6392	0.00E+00
-14.6392	6.19E-08
-14.6392	-6.19E-08
-14.6392	8.30E-08
-14.6392	-8.30E-08
-14.7357	0
-14.7357	0
-14.7357	0
-14.7357	0
-14.7357	0
-14.7357	0
-14.7357	0
-14.7357	0
-14.7357	0
-14.7357	0
-14.7357	0
-14.7357	0
-14.7357	0
-14.7357	0
-14.7357	0
-14.7357	0
-14.7357	0
-14.7357	0
-14.7357	0
-14.7357	0
-14.7357	0
-14.7357	0
-14.7357	0
-14.7357	0
-14.7357	0
-14.7357	0
-14.7357	0
-23.2667	0
-23.2667	0
-23.2667	0
-23.2667	0
-23.2667	0
-23.2667	0
-23.2667	0
-23.2667	0
-23.2667	0
-23.2667	0
-23.2667	0
-23.2667	0
-23.2667	0
-23.2667	0
-23.2667	0
-23.2667	0
-23.2667	0
-23.2667	0
-23.2667	0
-23.2667	0
-23.2667	0
-23.2667	0
-23.2667	0
-15.9767	0
-15.9767	0
-15.9767	0
-15.9767	0
-15.9767	0
-15.9767	0
-15.9767	0
-15.9767	0
-15.9767	0
-15.9767	0
-15.9767	0
-15.9767	0
-15.9767	0
-15.9767	0
-15.9767	0
-15.9767	0
-15.9767	0
-15.9767	0
-15.9767	0
-23.2667	0
-23.2667	0
-23.2667	0
-23.2667	0
-23.2667	0
-23.2667	0
-23.2667	0
-23.2667	0
-14.6585	0
-14.6585	0
-14.6585	0
-14.6585	0
-14.6585	0
-14.6585	0
-14.6585	0
-14.6585	0
-14.6585	0
-14.6585	0
-14.6585	0
-14.6585	0
-14.6585	0
-14.6585	0
-14.9437	0
-14.9437	0
-14.9437	0
-14.9437	0
-14.9437	0
-14.9437	0
-14.9437	0
-14.9437	0
-14.9437	0
-14.9437	0
-14.9437	0
-14.9437	0
-15.9767	0
-15.9767	0
-29.3624	0
-14.7357	0
-14.7357	0
-14.7357	2.75E-07
-14.7357	-2.75E-07
-14.6585	0
-14.6585	0
-14.6585	0
-14.6585	0
-14.6585	0
-14.6585	0
-14.6585	0
-14.6585	0
-14.6585	0
-14.6585	0
-14.6585	0
-14.6585	0
-14.6585	0
-14.6585	0
-14.6585	0
-14.6585	0
-14.6585	0
-15.9767	0
-15.9767	0
-15.9767	0
-15.9767	0
-15.9767	0
-15.9767	0
-15.9767	0
-15.9767	0
-15.9767	0
-15.9767	0
-14.9437	0
-14.9437	0
-14.9437	0
-14.9437	0
-14.9437	0
-14.9437	0
-14.9437	0
-14.9437	0
-14.9437	0
-29.5704	0
-14.9441	4.20E-04
-14.9441	-4.20E-04
-14.9433	0.000419457
-14.9433	-0.000419457
-14.9437	0.00E+00
-14.9437	0.00E+00
-14.9437	0
-14.9437	0
-14.9437	2.82E-07
-14.9437	-2.82E-07
-30.6034	0
-37.8934	0
-29.2852	0
-32.6698	0
-16.3412	0
-16.3411	5.34E-05
-16.3411	-5.34E-05
-16.3412	1.32E-07
-16.3412	-1.32E-07
-16.3412	0.00E+00
-16.3412	0.00E+00
-16.3412	2.95E-07
-16.3412	-2.95E-07
-16.3412	1.64E-07
-16.3412	-1.64E-07
-16.3412	1.17E-07
-16.3412	-1.17E-07
-16.3412	1.60E-07
-16.3412	-1.60E-07
-16.3412	0.00E+00
-16.3412	0.00E+00
-16.3412	0.00E+00
-16.3412	0.00E+00
-16.3412	2.59E-07
-16.3412	-2.59E-07
-16.3412	0.00E+00
-16.3412	0.00E+00
-16.3412	0
-16.3412	0
-16.3412	1.49E-07
-16.3412	-1.49E-07
-16.3412	2.23E-07
-16.3412	-2.23E-07
-16.3412	0.00E+00
-16.3412	0.00E+00
-16.4377	0
-16.4377	0
-16.4377	0
-16.4377	0
-16.4377	0
-16.4377	0
-16.4377	0
-16.4377	0
-16.4377	0
-16.4377	0
-16.4377	0
-16.4377	0
-16.4377	0
-16.4377	0
-16.4377	0
-16.4377	0
-16.4377	0
-16.4377	0
-16.4377	0
-16.4377	0
-16.4377	0
-16.4377	0
-16.4377	0
-16.4377	0
-16.4377	0
-16.4377	0
-16.4377	0
-24.9687	0
-24.9687	0
-24.9687	0
-24.9687	0
-24.9687	0
-24.9687	0
-24.9687	0
-24.9687	0
-24.9687	0
-24.9687	0
-24.9687	0
-24.9687	0
-24.9687	0
-24.9687	0
-24.9687	0
-24.9687	0
-24.9687	0
-24.9687	0
-24.9687	0
-24.9687	0
-24.9687	0
-24.9687	0
-24.9687	0
-17.6787	0
-17.6787	0
-17.6787	0
-17.6787	0
-17.6787	0
-17.6787	0
-17.6787	0
-17.6787	0
-17.6787	0
-17.6787	0
-17.6787	0
-17.6787	0
-17.6787	0
-17.6787	0
-17.6787	0
-17.6787	0
-17.6787	0
-17.6787	0
-17.6787	0
-24.9687	0
-24.9687	0
-24.9687	0
-24.9687	0
-24.9687	0
-24.9687	0
-24.9687	0
-24.9687	0
-16.3605	0
-16.3605	0
-16.3605	0
-16.3605	0
-16.3605	0
-16.3605	0
-16.3605	0
-16.3605	0
-16.3605	0
-16.3605	0
-16.3605	0
-16.3605	0
-16.3605	0
-16.3605	0
-16.6457	0
-16.6457	0
-16.6457	0
-16.6457	0
-16.6457	0
-16.6457	0
-16.6457	0
-16.6457	0
-16.6457	0
-16.6457	0
-16.6457	0
-16.6457	0
-17.6787	0
-17.6787	0
-32.7663	0
-16.4377	0
-16.4377	0
-16.4377	2.36E-07
-16.4377	-2.36E-07
-16.3605	0
-16.3605	0
-16.3605	0
-16.3605	0
-16.3605	0
-16.3605	0
-16.3605	0
-16.3605	0
-16.3605	0
-16.3605	0
-16.3605	0
-16.3605	0
-16.3605	0
-16.3605	0
-16.3605	0
-16.3605	0
-16.3605	0
-17.6787	0
-17.6787	0
-17.6787	0
-17.6787	0
-17.6787	0
-17.6787	0
-17.6787	0
-17.6787	0
-17.6787	0
-17.6787	0
-16.6457	0
-16.6457	0
-16.6457	0
-16.6457	0
-16.6457	0
-16.6457	0
-16.6457	0
-16.6457	0
-16.6457	0
-32.9743	0
-16.6457	0.00E+00
-16.6457	0.00E+00
-16.6457	0.00E+00
-16.6457	0.00E+00
-16.6457	2.40E-07
-16.6457	-2.40E-07
-16.6457	0.00E+00
-16.6457	0.00E+00
-16.6457	2.27E-07
-16.6457	-2.27E-07
-34.0073	0
-41.2973	0
-32.6891	0
-34.3446	0
-17.1787	0
-17.1785	1.05E-04
-17.1785	-1.05E-04
-17.1785	1.03E-07
-17.1785	-1.03E-07
-17.1785	2.24E-07
-17.1785	-2.24E-07
-17.1785	0.00E+00
-17.1785	0.00E+00
-17.1785	0.00E+00
-17.1785	0.00E+00
-17.1785	0.00E+00
-17.1785	0.00E+00
-17.1785	0
-17.1785	0
-17.1785	0.00E+00
-17.1785	0.00E+00
-17.1785	0.00E+00
-17.1785	0.00E+00
-17.1785	0.00E+00
-17.1785	0.00E+00
-17.1785	0
-17.1785	0
-17.1785	8.94E-08
-17.1785	-8.94E-08
-17.1785	2.77E-07
-17.1785	-2.77E-07
-17.1785	0
-17.1785	0
-17.1785	0
-17.1785	0
-17.275	0
-17.275	0
-17.275	0
-17.275	0
-17.275	0
-17.275	0
-17.275	0
-17.275	0
-17.275	0
-17.275	0
-17.275	0
-17.275	0
-17.275	0
-17.275	0
-17.275	0
-17.275	0
-17.275	0
-17.275	0
-17.275	0
-17.275	0
-17.275	0
-17.275	0
-17.275	0
-17.275	0
-17.275	0
-17.275	0
-17.275	0
-25.806	0
-25.806	0
-25.806	0
-25.806	0
-25.806	0
-25.806	0
-25.806	0
-25.806	0
-25.806	0
-25.806	0
-25.806	0
-25.806	0
-25.806	0
-25.806	0
-25.806	0
-25.806	0
-25.806	0
-25.806	0
-25.806	0
-25.806	0
-25.806	0
-25.806	0
-25.806	0
-18.516	0
-18.516	0
-18.516	0
-18.516	0
-18.516	0
-18.516	0
-18.516	0
-18.516	0
-18.516	0
-18.516	0
-18.516	0
-18.516	0
-18.516	0
-18.516	0
-18.516	0
-18.516	0
-18.516	0
-18.516	0
-18.516	0
-25.806	0
-25.806	0
-25.806	0
-25.806	0
-25.806	0
-25.806	0
-25.806	0
-25.806	0
-17.1978	0
-17.1978	0
-17.1978	0
-17.1978	0
-17.1978	0
-17.1978	0
-17.1978	0
-17.1978	0
-17.1978	0
-17.1978	0
-17.1978	0
-17.1978	0
-17.1978	0
-17.1978	0
-17.483	0
-17.483	0
-17.483	0
-17.483	0
-17.483	0
-17.483	0
-17.483	0
-17.483	0
-17.483	0
-17.483	0
-17.483	0
-17.483	0
-18.516	0
-18.516	0
-34.4411	0
-17.275	3.52E-07
-17.275	-3.52E-07
-17.275	0
-17.275	0
-17.1978	0
-17.1978	0
-17.1978	0
-17.1978	0
-17.1978	0
-17.1978	0
-17.1978	0
-17.1978	0
-17.1978	0
-17.1978	0
-17.1978	0
-17.1978	0
-17.1978	0
-17.1978	0
-17.1978	0
-17.1978	0
-17.1978	0
-18.516	0
-18.516	0
-18.516	0
-18.516	0
-18.516	0
-18.516	0
-18.516	0
-18.516	0
-18.516	0
-18.516	0
-17.483	0
-17.483	0
-17.483	0
-17.483	0
-17.483	0
-17.483	0
-17.483	0
-17.483	0
-17.483	0
-34.6491	0
-17.483	0.00E+00
-17.483	0.00E+00
-17.483	1.16E-07
-17.483	-1.16E-07
-17.483	2.55E-07
-17.483	-2.55E-07
-17.483	3.01E-07
-17.483	-3.01E-07
-17.483	0
-17.483	0
-35.6821	0
-42.9721	0
-34.3639	0
-31.2742	0
-15.6434	0.00E+00
-15.6433	4.50E-05
-15.6433	-4.50E-05
-15.6434	1.29E-07
-15.6434	-1.29E-07
-15.6434	0
-15.6434	0
-15.6434	1.76E-07
-15.6434	-1.76E-07
-15.6434	1.20E-07
-15.6434	-1.20E-07
-15.6434	1.78E-07
-15.6434	-1.78E-07
-15.6434	0.00E+00
-15.6434	0.00E+00
-15.6434	0
-15.6434	0
-15.6434	6.80E-08
-15.6434	-6.80E-08
-15.6434	1.30E-07
-15.6434	-1.30E-07
-15.6434	2.49E-07
-15.6434	-2.49E-07
-15.6434	0.00E+00
-15.6434	0.00E+00
-15.6434	0.00E+00
-15.6434	0.00E+00
-15.6434	0.00E+00
-15.6434	0.00E+00
-15.6434	1.54E-07
-15.6434	-1.54E-07
-15.7399	0
-15.7399	0
-15.7399	0
-15.7399	0
-15.7399	0
-15.7399	0
-15.7399	0
-15.7399	0
-15.7399	0
-15.7399	0
-15.7399	0
-15.7399	0
-15.7399	0
-15.7399	0
-15.7399	0
-15.7399	0
-15.7399	0
-15.7399	0
-15.7399	0
-15.7399	0
-15.7399	0
-15.7399	0
-15.7399	0
-15.7399	0
-15.7399	0
-15.7399	0
-15.7399	0
-24.2709	0
-24.2709	0
-24.2709	0
-24.2709	0
-24.2709	0
-24.2709	0
-24.2709	0
-24.2709	0
-24.2709	0
-24.2709	0
-24.2709	0
-24.2709	0
-24.2709	0
-24.2709	0
-24.2709	0
-24.2709	0
-24.2709	0
-24.2709	0
-24.2709	0
-24.2709	0
-24.2709	0
-24.2709	0
-24.2709	0
-16.9809	0
-16.9809	0
-16.9809	0
-16.9809	0
-16.9809	0
-16.9809	0
-16.9809	0
-16.9809	0
-16.9809	0
-16.9809	0
-16.9809	0
-16.9809	0
-16.9809	0
-16.9809	0
-16.9809	0
-16.9809	0
-16.9809	0
-16.9809	0
-16.9809	0
-24.2709	0
-24.2709	0
-24.2709	0
-24.2709	0
-24.2709	0
-24.2709	0
-24.2709	0
-24.2709	0
-15.6627	0
-15.6627	0
-15.6627	0
-15.6627	0
-15.6627	0
-15.6627	0
-15.6627	0
-15.6627	0
-15.6627	0
-15.6627	0
-15.6627	0
-15.6627	0
-15.6627	0
-15.6627	0
-15.9479	0
-15.9479	0
-15.9479	0
-15.9479	0
-15.9479	0
-15.9479	0
-15.9479	0
-15.9479	0
-15.9479	0
-15.9479	0
-15.9479	0
-15.9479	0
-16.9809	0
-16.9809	0
-31.3707	0
-15.7406	0.000692452
-15.7406	-0.000692452
-15.7392	0.000692249
-15.7392	-0.000692249
-15.6627	0
-15.6627	0
-15.6627	0
-15.6627	0
-15.6627	0
-15.6627	0
-15.6627	0
-15.6627	0
-15.6627	0
-15.6627	0
-15.6627	0
-15.6627	0
-15.6627	0
-15.6627	0
-15.6627	0
-15.6627	0
-15.6627	0
-16.9809	0
-16.9809	0
-16.9809	0
-16.9809	0
-16.9809	0
-16.9809	0
-16.9809	0
-16.9809	0
-16.9809	0
-16.9809	0
-15.9479	0
-15.9479	0
-15.9479	0
-15.9479	0
-15.9479	0
-15.9479	0
-15.9479	0
-15.9479	0
-15.9479	0
-31.5787	0
-15.9479	0
-15.9479	0
-15.9479	0
-15.9479	0
-15.9479	0
-15.9479	0
-15.9479	3.13E-07
-15.9479	-3.13E-07
-15.9479	2.35E-07
-15.9479	-2.35E-07
-32.6117	0
-39.9017	0
-31.2935	0
-29.3204	0
-14.6665	6.58E-05
-14.6665	-6.58E-05
-14.6664	0
-14.6664	4.48E-08
-14.6664	-4.48E-08
-14.6664	0
-14.6664	0
-14.6664	2.39E-07
-14.6664	-2.39E-07
-14.6664	0
-14.6664	0
-14.6664	2.09E-07
-14.6664	-2.09E-07
-14.6664	2.46E-08
-14.6664	-2.46E-08
-14.6664	0
-14.6664	0
-14.6664	1.31E-07
-14.6664	-1.31E-07
-14.6664	9.47E-08
-14.6664	-9.47E-08
-14.6664	0.00E+00
-14.6664	0.00E+00
-14.6664	1.20E-07
-14.6664	-1.20E-07
-14.6664	6.45E-08
-14.6664	-6.45E-08
-14.6664	0
-14.6664	0
-14.6664	4.20E-07
-14.6664	-4.20E-07
-14.7629	0
-14.7629	0
-14.7629	0
-14.7629	0
-14.7629	0
-14.7629	0
-14.7629	0
-14.7629	0
-14.7629	0
-14.7629	0
-14.7629	0
-14.7629	0
-14.7629	0
-14.7629	0
-14.7629	0
-14.7629	0
-14.7629	0
-14.7629	0
-14.7629	0
-14.7629	0
-14.7629	0
-14.7629	0
-14.7629	0
-14.7629	0
-14.7629	0
-14.7629	0
-14.7629	0
-23.2939	0
-23.2939	0
-23.2939	0
-23.2939	0
-23.2939	0
-23.2939	0
-23.2939	0
-23.2939	0
-23.2939	0
-23.2939	0
-23.2939	0
-23.2939	0
-23.2939	0
-23.2939	0
-23.2939	0
-23.2939	0
-23.2939	0
-23.2939	0
-23.2939	0
-23.2939	0
-23.2939	0
-23.2939	0
-23.2939	0
-16.0039	0
-16.0039	0
-16.0039	0
-16.0039	0
-16.0039	0
-16.0039	0
-16.0039	0
-16.0039	0
-16.0039	0
-16.0039	0
-16.0039	0
-16.0039	0
-16.0039	0
-16.0039	0
-16.0039	0
-16.0039	0
-16.0039	0
-16.0039	0
-16.0039	0
-23.2939	0
-23.2939	0
-23.2939	0
-23.2939	0
-23.2939	0
-23.2939	0
-23.2939	0
-23.2939	0
-14.6857	0
-14.6857	0
-14.6857	0
-14.6857	0
-14.6857	0
-14.6857	0
-14.6857	0
-14.6857	0
-14.6857	0
-14.6857	0
-14.6857	0
-14.6857	0
-14.6857	0
-14.6857	0
-14.9709	0
-14.9709	0
-14.9709	0
-14.9709	0
-14.9709	0
-14.9709	0
-14.9709	0
-14.9709	0
-14.9709	0
-14.9709	0
-14.9709	0
-14.9709	0
-16.0039	0
-16.0039	0
-29.4169	0
-14.7629	0
-14.7629	0
-14.7629	3.43E-07
-14.7629	-3.43E-07
-14.6857	0
-14.6857	0
-14.6857	0
-14.6857	0
-14.6857	0
-14.6857	0
-14.6857	0
-14.6857	0
-14.6857	0
-14.6857	0
-14.6857	0
-14.6857	0
-14.6857	0
-14.6857	0
-14.6857	0
-14.6857	0
-14.6857	0
-16.0039	0
-16.0039	0
-16.0039	0
-16.0039	0
-16.0039	0
-16.0039	0
-16.0039	0
-16.0039	0
-16.0039	0
-16.0039	0
-14.9709	0
-14.9709	0
-14.9709	0
-14.9709	0
-14.9709	0
-14.9709	0
-14.9709	0
-14.9709	0
-14.9709	0
-29.6249	0
-14.9707	2.85E-04
-14.9707	-2.85E-04
-14.9712	2.84E-04
-14.9712	-2.84E-04
-14.9709	0
-14.9709	0
-14.9709	2.30E-07
-14.9709	-2.30E-07
-14.9709	0
-14.9709	0
-30.6579	0
-37.9479	0
-29.3397	0
-28.6226	0
-14.3175	1.89E-05
-14.3175	-1.89E-05
-14.3175	0
-14.3175	6.99E-08
-14.3175	-6.99E-08
-14.3175	2.03E-07
-14.3175	-2.03E-07
-14.3175	2.17E-07
-14.3175	-2.17E-07
-14.3175	0.00E+00
-14.3175	0.00E+00
-14.3175	5.52E-08
-14.3175	-5.52E-08
-14.3175	0
-14.3175	0
-14.3175	0.00E+00
-14.3175	0.00E+00
-14.3175	1.23E-07
-14.3175	-1.23E-07
-14.3175	0
-14.3175	0
-14.3175	2.11E-08
-14.3175	-2.11E-08
-14.3175	1.13E-07
-14.3175	-1.13E-07
-14.3175	0.00E+00
-14.3175	0.00E+00
-14.3175	0
-14.3175	0
-14.3175	0
-14.3175	0
-14.414	0
-14.414	0
-14.414	0
-14.414	0
-14.414	0
-14.414	0
-14.414	0
-14.414	0
-14.414	0
-14.414	0
-14.414	0
-14.414	0
-14.414	0
-14.414	0
-14.414	0
-14.414	0
-14.414	0
-14.414	0
-14.414	0
-14.414	0
-14.414	0
-14.414	0
-14.414	0
-14.414	0
-14.414	0
-14.414	0
-14.414	0
-22.945	0
-22.945	0
-22.945	0
-22.945	0
-22.945	0
-22.945	0
-22.945	0
-22.945	0
-22.945	0
-22.945	0
-22.945	0
-22.945	0
-22.945	0
-22.945	0
-22.945	0
-22.945	0
-22.945	0
-22.945	0
-22.945	0
-22.945	0
-22.945	0
-22.945	0
-22.945	0
-15.655	0
-15.655	0
-15.655	0
-15.655	0
-15.655	0
-15.655	0
-15.655	0
-15.655	0
-15.655	0
-15.655	0
-15.655	0
-15.655	0
-15.655	0
-15.655	0
-15.655	0
-15.655	0
-15.655	0
-15.655	0
-15.655	0
-22.945	0
-22.945	0
-22.945	0
-22.945	0
-22.945	0
-22.945	0
-22.945	0
-22.945	0
-14.3368	0
-14.3368	0
-14.3368	0
-14.3368	0
-14.3368	0
-14.3368	0
-14.3368	0
-14.3368	0
-14.3368	0
-14.3368	0
-14.3368	0
-14.3368	0
-14.3368	0
-14.3368	0
-14.622	0
-14.622	0
-14.622	0
-14.622	0
-14.622	0
-14.622	0
-14.622	0
-14.622	0
-14.622	0
-14.622	0
-14.622	0
-14.622	0
-15.655	0
-15.655	0
-28.7191	0
-14.414	0.00E+00
-14.414	0.00E+00
-14.414	1.62E-07
-14.414	-1.62E-07
-14.3368	0
-14.3368	0
-14.3368	0
-14.3368	0
-14.3368	0
-14.3368	0
-14.3368	0
-14.3368	0
-14.3368	0
-14.3368	0
-14.3368	0
-14.3368	0
-14.3368	0
-14.3368	0
-14.3368	0
-14.3368	0
-14.3368	0
-15.655	0
-15.655	0
-15.655	0
-15.655	0
-15.655	0
-15.655	0
-15.655	0
-15.655	0
-15.655	0
-15.655	0
-14.622	0
-14.622	0
-14.622	0
-14.622	0
-14.622	0
-14.622	0
-14.622	0
-14.622	0
-14.622	0
-28.9271	0
-14.6222	0.000131408
-14.6222	-0.000131408
-14.6219	0.000126694
-14.6219	-0.000126694
-14.622	2.42E-07
-14.622	-2.42E-07
-14.622	0
-14.622	0
-14.622	1.90E-07
-14.622	-1.90E-07
-29.9601	0
-37.2501	0
-28.6419	0
-27.227	0
-13.6198	0.00E+00
-13.6197	2.40E-05
-13.6197	-2.40E-05
-13.6197	1.81E-07
-13.6197	-1.81E-07
-13.6197	0.00E+00
-13.6197	0.00E+00
-13.6197	0.00E+00
-13.6197	0.00E+00
-13.6197	0
-13.6197	0
-13.6197	1.26E-07
-13.6197	-1.26E-07
-13.6197	0
-13.6197	0
-13.6197	0.00E+00
-13.6197	0.00E+00
-13.6197	0
-13.6197	0
-13.6197	0
-13.6197	0
-13.6197	1.55E-07
-13.6197	-1.55E-07
-13.6197	1.09E-07
-13.6197	-1.09E-07
-13.6197	8.75E-08
-13.6197	-8.75E-08
-13.6197	1.67E-07
-13.6197	-1.67E-07
-13.6197	0.00E+00
-13.6197	0.00E+00
-13.7162	0
-13.7162	0
-13.7162	0
-13.7162	0
-13.7162	0
-13.7162	0
-13.7162	0
-13.7162	0
-13.7162	0
-13.7162	0
-13.7162	0
-13.7162	0
-13.7162	0
-13.7162	0
-13.7162	0
-13.7162	0
-13.7162	0
-13.7162	0
-13.7162	0
-13.7162	0
-13.7162	0
-13.7162	0
-13.7162	0
-13.7162	0
-13.7162	0
-13.7162	0
-13.7162	0
-22.2472	0
-22.2472	0
-22.2472	0
-22.2472	0
-22.2472	0
-22.2472	0
-22.2472	0
-22.2472	0
-22.2472	0
-22.2472	0
-22.2472	0
-22.2472	0
-22.2472	0
-22.2472	0
-22.2472	0
-22.2472	0
-22.2472	0
-22.2472	0
-22.2472	0
-22.2472	0
-22.2472	0
-22.2472	0
-22.2472	0
-14.9572	0
-14.9572	0
-14.9572	0
-14.9572	0
-14.9572	0
-14.9572	0
-14.9572	0
-14.9572	0
-14.9572	0
-14.9572	0
-14.9572	0
-14.9572	0
-14.9572	0
-14.9572	0
-14.9572	0
-14.9572	0
-14.9572	0
-14.9572	0
-14.9572	0
-22.2472	0
-22.2472	0
-22.2472	0
-22.2472	0
-22.2472	0
-22.2472	0
-22.2472	0
-22.2472	0
-13.639	0
-13.639	0
-13.639	0
-13.639	0
-13.639	0
-13.639	0
-13.639	0
-13.639	0
-13.639	0
-13.639	0
-13.639	0
-13.639	0
-13.639	0
-13.639	0
-13.9242	0
-13.9242	0
-13.9242	0
-13.9242	0
-13.9242	0
-13.9242	0
-13.9242	0
-13.9242	0
-13.9242	0
-13.9242	0
-13.9242	0
-13.9242	0
-14.9572	0
-14.9572	0
-27.3235	0
-13.7165	0.000269653
-13.7165	-0.000269653
-13.716	2.69E-04
-13.716	-2.69E-04
-13.639	0
-13.639	0
-13.639	0
-13.639	0
-13.639	0
-13.639	0
-13.639	0
-13.639	0
-13.639	0
-13.639	0
-13.639	0
-13.639	0
-13.639	0
-13.639	0
-13.639	0
-13.639	0
-13.639	0
-14.9572	0
-14.9572	0
-14.9572	0
-14.9572	0
-14.9572	0
-14.9572	0
-14.9572	0
-14.9572	0
-14.9572	0
-14.9572	0
-13.9242	0
-13.9242	0
-13.9242	0
-13.9242	0
-13.9242	0
-13.9242	0
-13.9242	0
-13.9242	0
-13.9242	0
-27.5315	0
-13.9243	0.000117888
-13.9243	-1.18E-04
-13.9241	1.14E-04
-13.9241	-0.000113893
-13.9242	1.42E-07
-13.9242	-1.42E-07
-13.9242	1.15E-07
-13.9242	-1.15E-07
-13.9242	0
-13.9242	0
-28.5645	0
-35.8545	0
-27.2463	0
-26.9478	0
-13.4802	0
-13.4801	2.63E-05
-13.4801	-2.63E-05
-13.4802	9.68E-08
-13.4802	-9.68E-08
-13.4802	2.04E-07
-13.4802	-2.04E-07
-13.4802	1.72E-07
-13.4802	-1.72E-07
-13.4802	1.20E-07
-13.4802	-1.20E-07
-13.4802	1.04E-07
-13.4802	-1.04E-07
-13.4802	0.00E+00
-13.4802	0.00E+00
-13.4802	0
-13.4802	0
-13.4802	1.98E-07
-13.4802	-1.98E-07
-13.4802	0.00E+00
-13.4802	0.00E+00
-13.4802	8.71E-08
-13.4802	-8.71E-08
-13.4802	8.26E-08
-13.4802	-8.26E-08
-13.4802	0.00E+00
-13.4802	0.00E+00
-13.4802	1.71E-07
-13.4802	-1.71E-07
-13.4802	7.64E-08
-13.4802	-7.64E-08
-13.5767	0
-13.5767	0
-13.5767	0
-13.5767	0
-13.5767	0
-13.5767	0
-13.5767	0
-13.5767	0
-13.5767	0
-13.5767	0
-13.5767	0
-13.5767	0
-13.5767	0
-13.5767	0
-13.5767	0
-13.5767	0
-13.5767	0
-13.5767	0
-13.5767	0
-13.5767	0
-13.5767	0
-13.5767	0
-13.5767	0
-13.5767	0
-13.5767	0
-13.5767	0
-13.5767	0
-22.1077	0
-22.1077	0
-22.1077	0
-22.1077	0
-22.1077	0
-22.1077	0
-22.1077	0
-22.1077	0
-22.1077	0
-22.1077	0
-22.1077	0
-22.1077	0
-22.1077	0
-22.1077	0
-22.1077	0
-22.1077	0
-22.1077	0
-22.1077	0
-22.1077	0
-22.1077	0
-22.1077	0
-22.1077	0
-22.1077	0
-14.8177	0
-14.8177	0
-14.8177	0
-14.8177	0
-14.8177	0
-14.8177	0
-14.8177	0
-14.8177	0
-14.8177	0
-14.8177	0
-14.8177	0
-14.8177	0
-14.8177	0
-14.8177	0
-14.8177	0
-14.8177	0
-14.8177	0
-14.8177	0
-14.8177	0
-22.1077	0
-22.1077	0
-22.1077	0
-22.1077	0
-22.1077	0
-22.1077	0
-22.1077	0
-22.1077	0
-13.4995	0
-13.4995	0
-13.4995	0
-13.4995	0
-13.4995	0
-13.4995	0
-13.4995	0
-13.4995	0
-13.4995	0
-13.4995	0
-13.4995	0
-13.4995	0
-13.4995	0
-13.4995	0
-13.7847	0
-13.7847	0
-13.7847	0
-13.7847	0
-13.7847	0
-13.7847	0
-13.7847	0
-13.7847	0
-13.7847	0
-13.7847	0
-13.7847	0
-13.7847	0
-14.8177	0
-14.8177	0
-27.0443	0
-13.577	0.000302793
-13.577	-0.000302793
-13.5764	3.02E-04
-13.5764	-3.02E-04
-13.4995	0
-13.4995	0
-13.4995	0
-13.4995	0
-13.4995	0
-13.4995	0
-13.4995	0
-13.4995	0
-13.4995	0
-13.4995	0
-13.4995	0
-13.4995	0
-13.4995	0
-13.4995	0
-13.4995	0
-13.4995	0
-13.4995	0
-14.8177	0
-14.8177	0
-14.8177	0
-14.8177	0
-14.8177	0
-14.8177	0
-14.8177	0
-14.8177	0
-14.8177	0
-14.8177	0
-13.7847	0
-13.7847	0
-13.7847	0
-13.7847	0
-13.7847	0
-13.7847	0
-13.7847	0
-13.7847	0
-13.7847	0
-27.2523	0
-13.7847	8.38E-05
-13.7847	-8.38E-05
-13.7846	8.18E-05
-13.7846	-8.18E-05
-13.7847	7.03E-08
-13.7847	-7.03E-08
-13.7847	1.40E-07
-13.7847	-1.40E-07
-13.7847	0
-13.7847	0
-28.2853	0
-35.5753	0
-26.9671	0
-26.5291	0
-13.2708	0
-13.2708	4.25E-05
-13.2708	-4.25E-05
-13.2708	0.00E+00
-13.2708	0.00E+00
-13.2708	0.00E+00
-13.2708	0.00E+00
-13.2708	1.01E-07
-13.2708	-1.01E-07
-13.2708	6.42E-08
-13.2708	-6.42E-08
-13.2708	2.50E-07
-13.2708	-2.50E-07
-13.2708	1.86E-07
-13.2708	-1.86E-07
-13.2708	1.37E-07
-13.2708	-1.37E-07
-13.2708	9.44E-08
-13.2708	-9.44E-08
-13.2708	2.33E-07
-13.2708	-2.33E-07
-13.2708	2.74E-07
-13.2708	-2.74E-07
-13.2708	0.00E+00
-13.2708	0.00E+00
-13.2708	0.00E+00
-13.2708	0.00E+00
-13.2708	1.44E-07
-13.2708	-1.44E-07
-13.2708	3.28E-07
-13.2708	-3.28E-07
-13.3673	0
-13.3673	0
-13.3673	0
-13.3673	0
-13.3673	0
-13.3673	0
-13.3673	0
-13.3673	0
-13.3673	0
-13.3673	0
-13.3673	0
-13.3673	0
-13.3673	0
-13.3673	0
-13.3673	0
-13.3673	0
-13.3673	0
-13.3673	0
-13.3673	0
-13.3673	0
-13.3673	0
-13.3673	0
-13.3673	0
-13.3673	0
-13.3673	0
-13.3673	0
-13.3673	0
-21.8983	0
-21.8983	0
-21.8983	0
-21.8983	0
-21.8983	0
-21.8983	0
-21.8983	0
-21.8983	0
-21.8983	0
-21.8983	0
-21.8983	0
-21.8983	0
-21.8983	0
-21.8983	0
-21.8983	0
-21.8983	0
-21.8983	0
-21.8983	0
-21.8983	0
-21.8983	0
-21.8983	0
-21.8983	0
-21.8983	0
-14.6083	0
-14.6083	0
-14.6083	0
-14.6083	0
-14.6083	0
-14.6083	0
-14.6083	0
-14.6083	0
-14.6083	0
-14.6083	0
-14.6083	0
-14.6083	0
-14.6083	0
-14.6083	0
-14.6083	0
-14.6083	0
-14.6083	0
-14.6083	0
-14.6083	0
-21.8983	0
-21.8983	0
-21.8983	0
-21.8983	0
-21.8983	0
-21.8983	0
-21.8983	0
-21.8983	0
-13.2901	0
-13.2901	0
-13.2901	0
-13.2901	0
-13.2901	0
-13.2901	0
-13.2901	0
-13.2901	0
-13.2901	0
-13.2901	0
-13.2901	0
-13.2901	0
-13.2901	0
-13.2901	0
-13.5753	0
-13.5753	0
-13.5753	0
-13.5753	0
-13.5753	0
-13.5753	0
-13.5753	0
-13.5753	0
-13.5753	0
-13.5753	0
-13.5753	0
-13.5753	0
-14.6083	0
-14.6083	0
-26.6256	0
-13.3673	0
-13.3673	0
-13.3673	3.45E-07
-13.3673	-3.45E-07
-13.2901	0
-13.2901	0
-13.2901	0
-13.2901	0
-13.2901	0
-13.2901	0
-13.2901	0
-13.2901	0
-13.2901	0
-13.2901	0
-13.2901	0
-13.2901	0
-13.2901	0
-13.2901	0
-13.2901	0
-13.2901	0
-13.2901	0
-14.6083	0
-14.6083	0
-14.6083	0
-14.6083	0
-14.6083	0
-14.6083	0
-14.6083	0
-14.6083	0
-14.6083	0
-14.6083	0
-13.5753	0
-13.5753	0
-13.5753	0
-13.5753	0
-13.5753	0
-13.5753	0
-13.5753	0
-13.5753	0
-13.5753	0
-26.8336	0
-13.5751	0.000265971
-13.5751	-0.000265971
-13.5756	2.65E-04
-13.5756	-2.65E-04
-13.5753	0.00E+00
-13.5753	0.00E+00
-13.5753	0.00E+00
-13.5753	0.00E+00
-13.5753	2.91E-07
-13.5753	-2.91E-07
-27.8666	0
-35.1566	0
-26.5484	0
-26.25	0
-13.1312	2.32E-05
-13.1312	-2.32E-05
-13.1313	0.00E+00
-13.1313	0
-13.1313	0
-13.1313	0
-13.1313	0
-13.1313	5.46E-08
-13.1313	-5.46E-08
-13.1313	0
-13.1313	0
-13.1313	0
-13.1313	0
-13.1313	1.57E-07
-13.1313	-1.57E-07
-13.1313	1.14E-07
-13.1313	-1.14E-07
-13.1313	1.21E-07
-13.1313	-1.21E-07
-13.1313	0.00E+00
-13.1313	0.00E+00
-13.1313	0.00E+00
-13.1313	0.00E+00
-13.1313	1.23E-07
-13.1313	-1.23E-07
-13.1313	0.00E+00
-13.1313	0.00E+00
-13.1313	0.00E+00
-13.1313	0.00E+00
-13.1313	1.18E-07
-13.1313	-1.18E-07
-13.2278	0
-13.2278	0
-13.2278	0
-13.2278	0
-13.2278	0
-13.2278	0
-13.2278	0
-13.2278	0
-13.2278	0
-13.2278	0
-13.2278	0
-13.2278	0
-13.2278	0
-13.2278	0
-13.2278	0
-13.2278	0
-13.2278	0
-13.2278	0
-13.2278	0
-13.2278	0
-13.2278	0
-13.2278	0
-13.2278	0
-13.2278	0
-13.2278	0
-13.2278	0
-13.2278	0
-21.7588	0
-21.7588	0
-21.7588	0
-21.7588	0
-21.7588	0
-21.7588	0
-21.7588	0
-21.7588	0
-21.7588	0
-21.7588	0
-21.7588	0
-21.7588	0
-21.7588	0
-21.7588	0
-21.7588	0
-21.7588	0
-21.7588	0
-21.7588	0
-21.7588	0
-21.7588	0
-21.7588	0
-21.7588	0
-21.7588	0
-14.4688	0
-14.4688	0
-14.4688	0
-14.4688	0
-14.4688	0
-14.4688	0
-14.4688	0
-14.4688	0
-14.4688	0
-14.4688	0
-14.4688	0
-14.4688	0
-14.4688	0
-14.4688	0
-14.4688	0
-14.4688	0
-14.4688	0
-14.4688	0
-14.4688	0
-21.7588	0
-21.7588	0
-21.7588	0
-21.7588	0
-21.7588	0
-21.7588	0
-21.7588	0
-21.7588	0
-13.1506	0
-13.1506	0
-13.1506	0
-13.1506	0
-13.1506	0
-13.1506	0
-13.1506	0
-13.1506	0
-13.1506	0
-13.1506	0
-13.1506	0
-13.1506	0
-13.1506	0
-13.1506	0
-13.4358	0
-13.4358	0
-13.4358	0
-13.4358	0
-13.4358	0
-13.4358	0
-13.4358	0
-13.4358	0
-13.4358	0
-13.4358	0
-13.4358	0
-13.4358	0
-14.4688	0
-14.4688	0
-26.3465	0
-13.2278	0
-13.2278	0
-13.2278	2.11E-07
-13.2278	-2.11E-07
-13.1506	0
-13.1506	0
-13.1506	0
-13.1506	0
-13.1506	0
-13.1506	0
-13.1506	0
-13.1506	0
-13.1506	0
-13.1506	0
-13.1506	0
-13.1506	0
-13.1506	0
-13.1506	0
-13.1506	0
-13.1506	0
-13.1506	0
-14.4688	0
-14.4688	0
-14.4688	0
-14.4688	0
-14.4688	0
-14.4688	0
-14.4688	0
-14.4688	0
-14.4688	0
-14.4688	0
-13.4358	0
-13.4358	0
-13.4358	0
-13.4358	0
-13.4358	0
-13.4358	0
-13.4358	0
-13.4358	0
-13.4358	0
-26.5545	0
-13.4362	0.00E+00
-13.4358	4.16E-04
-13.4358	-4.16E-04
-13.4353	0.00E+00
-13.4358	0.00E+00
-13.4358	0.00E+00
-13.4358	0.00E+00
-13.4358	0.00E+00
-13.4358	2.04E-07
-13.4358	-2.04E-07
-27.5875	0
-34.8775	0
-26.2693	0
-26.1105	0
-13.0615	2.86E-05
-13.0615	-2.86E-05
-13.0615	0
-13.0615	0
-13.0615	0
-13.0615	2.07E-07
-13.0615	-2.07E-07
-13.0615	0.00E+00
-13.0615	0.00E+00
-13.0615	0
-13.0615	0
-13.0615	0.00E+00
-13.0615	0.00E+00
-13.0615	0
-13.0615	0
-13.0615	0
-13.0615	0
-13.0615	0
-13.0615	0
-13.0615	0.00E+00
-13.0615	0.00E+00
-13.0615	1.60E-07
-13.0615	-1.60E-07
-13.0615	2.63E-07
-13.0615	-2.63E-07
-13.0615	0
-13.0615	0
-13.0615	2.22E-07
-13.0615	-2.22E-07
-13.0615	0.00E+00
-13.0615	0.00E+00
-13.158	0
-13.158	0
-13.158	0
-13.158	0
-13.158	0
-13.158	0
-13.158	0
-13.158	0
-13.158	0
-13.158	0
-13.158	0
-13.158	0
-13.158	0
-13.158	0
-13.158	0
-13.158	0
-13.158	0
-13.158	0
-13.158	0
-13.158	0
-13.158	0
-13.158	0
-13.158	0
-13.158	0
-13.158	0
-13.158	0
-13.158	0
-21.689	0
-21.689	0
-21.689	0
-21.689	0
-21.689	0
-21.689	0
-21.689	0
-21.689	0
-21.689	0
-21.689	0
-21.689	0
-21.689	0
-21.689	0
-21.689	0
-21.689	0
-21.689	0
-21.689	0
-21.689	0
-21.689	0
-21.689	0
-21.689	0
-21.689	0
-21.689	0
-14.399	0
-14.399	0
-14.399	0
-14.399	0
-14.399	0
-14.399	0
-14.399	0
-14.399	0
-14.399	0
-14.399	0
-14.399	0
-14.399	0
-14.399	0
-14.399	0
-14.399	0
-14.399	0
-14.399	0
-14.399	0
-14.399	0
-21.689	0
-21.689	0
-21.689	0
-21.689	0
-21.689	0
-21.689	0
-21.689	0
-21.689	0
-13.0808	0
-13.0808	0
-13.0808	0
-13.0808	0
-13.0808	0
-13.0808	0
-13.0808	0
-13.0808	0
-13.0808	0
-13.0808	0
-13.0808	0
-13.0808	0
-13.0808	0
-13.0808	0
-13.366	0
-13.366	0
-13.366	0
-13.366	0
-13.366	0
-13.366	0
-13.366	0
-13.366	0
-13.366	0
-13.366	0
-13.366	0
-13.366	0
-14.399	0
-14.399	0
-26.207	0
-13.158	1.70E-07
-13.158	-1.70E-07
-13.158	0
-13.158	0
-13.0808	0
-13.0808	0
-13.0808	0
-13.0808	0
-13.0808	0
-13.0808	0
-13.0808	0
-13.0808	0
-13.0808	0
-13.0808	0
-13.0808	0
-13.0808	0
-13.0808	0
-13.0808	0
-13.0808	0
-13.0808	0
-13.0808	0
-14.399	0
-14.399	0
-14.399	0
-14.399	0
-14.399	0
-14.399	0
-14.399	0
-14.399	0
-14.399	0
-14.399	0
-13.366	0
-13.366	0
-13.366	0
-13.366	0
-13.366	0
-13.366	0
-13.366	0
-13.366	0
-13.366	0
-26.415	0
-13.366	2.86E-07
-13.366	-2.86E-07
-13.366	0.00E+00
-13.366	0
-13.366	0
-13.366	0
-13.366	1.62E-07
-13.366	-1.62E-07
-13.366	0
-13.366	0
-27.448	0
-34.738	0
-26.1298	0
-25.9709	0
-12.9917	0
-12.9917	0.00E+00
-12.9917	0.00E+00
-12.9917	0.00E+00
-12.9917	0.00E+00
-12.9917	1.73E-07
-12.9917	-1.73E-07
-12.9917	2.46E-07
-12.9917	-2.46E-07
-12.9917	1.05E-07
-12.9917	-1.05E-07
-12.9917	5.74E-08
-12.9917	-5.74E-08
-12.9917	0
-12.9917	0
-12.9917	1.92E-07
-12.9917	-1.92E-07
-12.9917	0.00E+00
-12.9917	0.00E+00
-12.9917	0.00E+00
-12.9917	0.00E+00
-12.9917	1.91E-07
-12.9917	-1.91E-07
-12.9917	1.02E-07
-12.9917	-1.02E-07
-12.9917	0
-12.9917	0
-12.9917	0.00E+00
-12.9917	0.00E+00
-12.9917	0.00E+00
-12.9917	0.00E+00
-13.0882	0
-13.0882	0
-13.0882	0
-13.0882	0
-13.0882	0
-13.0882	0
-13.0882	0
-13.0882	0
-13.0882	0
-13.0882	0
-13.0882	0
-13.0882	0
-13.0882	0
-13.0882	0
-13.0882	0
-13.0882	0
-13.0882	0
-13.0882	0
-13.0882	0
-13.0882	0
-13.0882	0
-13.0882	0
-13.0882	0
-13.0882	0
-13.0882	0
-13.0882	0
-13.0882	0
-21.6192	0
-21.6192	0
-21.6192	0
-21.6192	0
-21.6192	0
-21.6192	0
-21.6192	0
-21.6192	0
-21.6192	0
-21.6192	0
-21.6192	0
-21.6192	0
-21.6192	0
-21.6192	0
-21.6192	0
-21.6192	0
-21.6192	0
-21.6192	0
-21.6192	0
-21.6192	0
-21.6192	0
-21.6192	0
-21.6192	0
-14.3292	0
-14.3292	0
-14.3292	0
-14.3292	0
-14.3292	0
-14.3292	0
-14.3292	0
-14.3292	0
-14.3292	0
-14.3292	0
-14.3292	0
-14.3292	0
-14.3292	0
-14.3292	0
-14.3292	0
-14.3292	0
-14.3292	0
-14.3292	0
-14.3292	0
-21.6192	0
-21.6192	0
-21.6192	0
-21.6192	0
-21.6192	0
-21.6192	0
-21.6192	0
-21.6192	0
-13.011	0
-13.011	0
-13.011	0
-13.011	0
-13.011	0
-13.011	0
-13.011	0
-13.011	0
-13.011	0
-13.011	0
-13.011	0
-13.011	0
-13.011	0
-13.011	0
-13.2962	0
-13.2962	0
-13.2962	0
-13.2962	0
-13.2962	0
-13.2962	0
-13.2962	0
-13.2962	0
-13.2962	0
-13.2962	0
-13.2962	0
-13.2962	0
-14.3292	0
-14.3292	0
-26.0674	0
-13.0882	2.10E-07
-13.0882	-2.10E-07
-13.0882	0.00E+00
-13.0882	0.00E+00
-13.011	0
-13.011	0
-13.011	0
-13.011	0
-13.011	0
-13.011	0
-13.011	0
-13.011	0
-13.011	0
-13.011	0
-13.011	0
-13.011	0
-13.011	0
-13.011	0
-13.011	0
-13.011	0
-13.011	0
-14.3292	0
-14.3292	0
-14.3292	0
-14.3292	0
-14.3292	0
-14.3292	0
-14.3292	0
-14.3292	0
-14.3292	0
-14.3292	0
-13.2962	0
-13.2962	0
-13.2962	0
-13.2962	0
-13.2962	0
-13.2962	0
-13.2962	0
-13.2962	0
-13.2962	0
-26.2754	0
-13.2963	8.26E-05
-13.2963	-8.26E-05
-13.2961	8.06E-05
-13.2961	-8.06E-05
-13.2962	0.00E+00
-13.2962	0.00E+00
-13.2962	0.00E+00
-13.2962	0.00E+00
-13.2962	0.00E+00
-13.2962	0.00E+00
-27.3084	0
-34.5984	0
-25.9902	0
-25.8313	0
-12.9219	0.00E+00
-12.9219	2.84E-05
-12.9219	-2.84E-05
-12.9219	1.87E-07
-12.9219	-1.87E-07
-12.9219	1.61E-07
-12.9219	-1.61E-07
-12.9219	1.96E-07
-12.9219	-1.96E-07
-12.9219	0.00E+00
-12.9219	0.00E+00
-12.9219	0
-12.9219	0
-12.9219	1.73E-07
-12.9219	-1.73E-07
-12.9219	0
-12.9219	0
-12.9219	2.69E-07
-12.9219	-2.69E-07
-12.9219	3.13E-07
-12.9219	-3.13E-07
-12.9219	2.76E-07
-12.9219	-2.76E-07
-12.9219	1.19E-07
-12.9219	-1.19E-07
-12.9219	9.76E-08
-12.9219	-9.76E-08
-12.9219	0.00E+00
-12.9219	0.00E+00
-12.9219	1.27E-07
-12.9219	-1.27E-07
-13.0184	0
-13.0184	0
-13.0184	0
-13.0184	0
-13.0184	0
-13.0184	0
-13.0184	0
-13.0184	0
-13.0184	0
-13.0184	0
-13.0184	0
-13.0184	0
-13.0184	0
-13.0184	0
-13.0184	0
-13.0184	0
-13.0184	0
-13.0184	0
-13.0184	0
-13.0184	0
-13.0184	0
-13.0184	0
-13.0184	0
-13.0184	0
-13.0184	0
-13.0184	0
-13.0184	0
-21.5494	0
-21.5494	0
-21.5494	0
-21.5494	0
-21.5494	0
-21.5494	0
-21.5494	0
-21.5494	0
-21.5494	0
-21.5494	0
-21.5494	0
-21.5494	0
-21.5494	0
-21.5494	0
-21.5494	0
-21.5494	0
-21.5494	0
-21.5494	0
-21.5494	0
-21.5494	0
-21.5494	0
-21.5494	0
-21.5494	0
-14.2594	0
-14.2594	0
-14.2594	0
-14.2594	0
-14.2594	0
-14.2594	0
-14.2594	0
-14.2594	0
-14.2594	0
-14.2594	0
-14.2594	0
-14.2594	0
-14.2594	0
-14.2594	0
-14.2594	0
-14.2594	0
-14.2594	0
-14.2594	0
-14.2594	0
-21.5494	0
-21.5494	0
-21.5494	0
-21.5494	0
-21.5494	0
-21.5494	0
-21.5494	0
-21.5494	0
-12.9412	0
-12.9412	0
-12.9412	0
-12.9412	0
-12.9412	0
-12.9412	0
-12.9412	0
-12.9412	0
-12.9412	0
-12.9412	0
-12.9412	0
-12.9412	0
-12.9412	0
-12.9412	0
-13.2264	0
-13.2264	0
-13.2264	0
-13.2264	0
-13.2264	0
-13.2264	0
-13.2264	0
-13.2264	0
-13.2264	0
-13.2264	0
-13.2264	0
-13.2264	0
-14.2594	0
-14.2594	0
-25.9278	0
-13.0184	5.46E-08
-13.0184	-5.46E-08
-13.0184	2.14E-07
-13.0184	-2.14E-07
-12.9412	0
-12.9412	0
-12.9412	0
-12.9412	0
-12.9412	0
-12.9412	0
-12.9412	0
-12.9412	0
-12.9412	0
-12.9412	0
-12.9412	0
-12.9412	0
-12.9412	0
-12.9412	0
-12.9412	0
-12.9412	0
-12.9412	0
-14.2594	0
-14.2594	0
-14.2594	0
-14.2594	0
-14.2594	0
-14.2594	0
-14.2594	0
-14.2594	0
-14.2594	0
-14.2594	0
-13.2264	0
-13.2264	0
-13.2264	0
-13.2264	0
-13.2264	0
-13.2264	0
-13.2264	0
-13.2264	0
-13.2264	0
-26.1358	0
-13.2268	0
-13.2264	0.000364778
-13.2264	-0.000364778
-13.2261	0
-13.2264	1.08E-07
-13.2264	-1.08E-07
-13.2264	1.40E-07
-13.2264	-1.40E-07
-13.2264	1.79E-07
-13.2264	-1.79E-07
-27.1688	0
-34.4588	0
-25.8506	0
-25.6918	0
-12.8522	8.79E-05
-12.8522	-8.79E-05
-12.852	0.00E+00
-12.8521	1.72E-07
-12.8521	-1.72E-07
-12.8521	0
-12.8521	0
-12.8521	2.83E-07
-12.8521	-2.83E-07
-12.8521	0.00E+00
-12.8521	0.00E+00
-12.8521	0
-12.8521	0
-12.8521	0
-12.8521	0
-12.8521	0.00E+00
-12.8521	0.00E+00
-12.8521	1.94E-07
-12.8521	-1.94E-07
-12.8521	0
-12.8521	0
-12.8521	2.44E-07
-12.8521	-2.44E-07
-12.8521	1.29E-07
-12.8521	-1.29E-07
-12.8521	1.51E-07
-12.8521	-1.51E-07
-12.8521	2.16E-07
-12.8521	-2.16E-07
-12.8521	1.26E-07
-12.8521	-1.26E-07
-12.9486	0
-12.9486	0
-12.9486	0
-12.9486	0
-12.9486	0
-12.9486	0
-12.9486	0
-12.9486	0
-12.9486	0
-12.9486	0
-12.9486	0
-12.9486	0
-12.9486	0
-12.9486	0
-12.9486	0
-12.9486	0
-12.9486	0
-12.9486	0
-12.9486	0
-12.9486	0
-12.9486	0
-12.9486	0
-12.9486	0
-12.9486	0
-12.9486	0
-12.9486	0
-12.9486	0
-21.4796	0
-21.4796	0
-21.4796	0
-21.4796	0
-21.4796	0
-21.4796	0
-21.4796	0
-21.4796	0
-21.4796	0
-21.4796	0
-21.4796	0
-21.4796	0
-21.4796	0
-21.4796	0
-21.4796	0
-21.4796	0
-21.4796	0
-21.4796	0
-21.4796	0
-21.4796	0
-21.4796	0
-21.4796	0
-21.4796	0
-14.1896	0
-14.1896	0
-14.1896	0
-14.1896	0
-14.1896	0
-14.1896	0
-14.1896	0
-14.1896	0
-14.1896	0
-14.1896	0
-14.1896	0
-14.1896	0
-14.1896	0
-14.1896	0
-14.1896	0
-14.1896	0
-14.1896	0
-14.1896	0
-14.1896	0
-21.4796	0
-21.4796	0
-21.4796	0
-21.4796	0
-21.4796	0
-21.4796	0
-21.4796	0
-21.4796	0
-12.8714	0
-12.8714	0
-12.8714	0
-12.8714	0
-12.8714	0
-12.8714	0
-12.8714	0
-12.8714	0
-12.8714	0
-12.8714	0
-12.8714	0
-12.8714	0
-12.8714	0
-12.8714	0
-13.1566	0
-13.1566	0
-13.1566	0
-13.1566	0
-13.1566	0
-13.1566	0
-13.1566	0
-13.1566	0
-13.1566	0
-13.1566	0
-13.1566	0
-13.1566	0
-14.1896	0
-14.1896	0
-25.7883	0
-12.9486	2.20E-07
-12.9486	-2.20E-07
-12.9486	0.00E+00
-12.9486	0.00E+00
-12.8714	0
-12.8714	0
-12.8714	0
-12.8714	0
-12.8714	0
-12.8714	0
-12.8714	0
-12.8714	0
-12.8714	0
-12.8714	0
-12.8714	0
-12.8714	0
-12.8714	0
-12.8714	0
-12.8714	0
-12.8714	0
-12.8714	0
-14.1896	0
-14.1896	0
-14.1896	0
-14.1896	0
-14.1896	0
-14.1896	0
-14.1896	0
-14.1896	0
-14.1896	0
-14.1896	0
-13.1566	0
-13.1566	0
-13.1566	0
-13.1566	0
-13.1566	0
-13.1566	0
-13.1566	0
-13.1566	0
-13.1566	0
-25.9963	0
-13.1566	1.39E-07
-13.1566	-1.39E-07
-13.1566	0.00E+00
-13.1566	0.00E+00
-13.1566	0.00E+00
-13.1566	0.00E+00
-13.1566	0.00E+00
-13.1566	0.00E+00
-13.1566	1.55E-07
-13.1566	-1.55E-07
-27.0293	0
-34.3193	0
-25.7111	0
0	0
