-29.2659	0
-28.9848	2.85352
-28.9848	-2.85352
-28.1525	5.59739
-28.1525	-5.59739
-26.8008	8.12615
-26.8008	-8.12615
-24.9818	10.3426
-24.9818	-10.3426
-22.7653	12.1616
-22.7653	-12.1616
-20.2366	13.5133
-20.2366	-13.5133
-17.4927	14.3456
-17.4927	-14.3456
-14.6392	14.6267
-14.6392	-14.6267
-11.7857	14.3456
-11.7857	-14.3456
-9.04179	13.5133
-9.04179	-13.5133
-6.51303	12.1616
-6.51303	-12.1616
-4.29656	10.3426
-4.29656	-10.3426
-0.0125	0
-0.293548	2.85352
-0.293548	-2.85352
-1.12589	5.59739
-1.12589	-5.59739
-2.47754	8.12615
-2.47754	-8.12615
-29.3624	0
-29.0813	2.85352
-29.0813	-2.85352
-28.249	5.59739
-28.249	-5.59739
-26.8973	8.12615
-26.8973	-8.12615
-25.0783	10.3426
-25.0783	-10.3426
-22.8618	12.1616
-22.8618	-12.1616
-20.3331	13.5133
-20.3331	-13.5133
-17.5892	14.3456
-17.5892	-14.3456
-14.7357	14.6267
-14.7357	-14.6267
-11.8822	14.3456
-11.8822	-14.3456
-9.13829	13.5133
-9.13829	-13.5133
-6.60953	12.1616
-6.60953	-12.1616
-4.39306	10.3426
-4.39306	-10.3426
-0.109	0
-0.390048	2.85352
-0.390048	-2.85352
-1.22239	5.59739
-1.22239	-5.59739
-2.57404	8.12615
-2.57404	-8.12615
-30.6034	0
-30.3223	2.85352
-30.3223	-2.85352
-29.49	5.59739
-29.49	-5.59739
-28.1383	8.12615
-28.1383	-8.12615
-26.3193	10.3426
-26.3193	-10.3426
-24.1028	12.1616
-24.1028	-12.1616
-21.5741	13.5133
-21.5741	-13.5133
-18.8302	14.3456
-18.8302	-14.3456
-15.9767	14.6267
-15.9767	-14.6267
-13.1232	14.3456
-13.1232	-14.3456
-10.3793	13.5133
-10.3793	-13.5133
-7.85053	12.1616
-7.85053	-12.1616
-5.63406	10.3426
-5.63406	-10.3426
-1.35	0
-1.63105	2.85352
-1.63105	-2.85352
-2.46339	5.59739
-2.46339	-5.59739
-3.81504	8.12615
-3.81504	-8.12615
-29.5704	0
-29.2893	2.85352
-29.2893	-2.85352
-28.457	5.59739
-28.457	-5.59739
-27.1053	8.12615
-27.1053	-8.12615
-25.2863	10.3426
-25.2863	-10.3426
-23.0698	12.1616
-23.0698	-12.1616
-20.5411	13.5133
-20.5411	-13.5133
-17.7972	14.3456
-17.7972	-14.3456
-14.9437	14.6267
-14.9437	-14.6267
-12.0902	14.3456
-12.0902	-14.3456
-9.34629	13.5133
-9.34629	-13.5133
-6.81753	12.1616
-6.81753	-12.1616
-4.60106	10.3426
-4.60106	-10.3426
-0.317	0
-0.598048	2.85352
-0.598048	-2.85352
-1.43039	5.59739
-1.43039	-5.59739
-2.78204	8.12615
-2.78204	-8.12615
-29.2852	0
-29.0041	2.85352
-29.0041	-2.85352
-28.1718	5.59739
-28.1718	-5.59739
-26.8201	8.12615
-26.8201	-8.12615
-25.0011	10.3426
-25.0011	-10.3426
-22.7846	12.1616
-22.7846	-12.1616
-20.2559	13.5133
-20.2559	-13.5133
-17.512	14.3456
-17.512	-14.3456
-14.6585	14.6267
-14.6585	-14.6267
-11.805	14.3456
-11.805	-14.3456
-9.06109	13.5133
-9.06109	-13.5133
-6.53233	12.1616
-6.53233	-12.1616
-4.31586	10.3426
-4.31586	-10.3426
-0.0318	0
-0.312848	2.85352
-0.312848	-2.85352
-1.14519	5.59739
-1.14519	-5.59739
-2.49684	8.12615
-2.49684	-8.12615
-37.8934	0
-37.6123	2.85352
-37.6123	-2.85352
-36.78	5.59739
-36.78	-5.59739
-35.4283	8.12615
-35.4283	-8.12615
-33.6093	10.3426
-33.6093	-10.3426
-31.3928	12.1616
-31.3928	-12.1616
-28.8641	13.5133
-28.8641	-13.5133
-26.1202	14.3456
-26.1202	-14.3456
-23.2667	14.6267
-23.2667	-14.6267
-20.4132	14.3456
-20.4132	-14.3456
-17.6693	13.5133
-17.6693	-13.5133
-15.1405	12.1616
-15.1405	-12.1616
-12.9241	10.3426
-12.9241	-10.3426
-8.64	0
-8.92105	2.85352
-8.92105	-2.85352
-9.75339	5.59739
-9.75339	-5.59739
-11.105	8.12615
-11.105	-8.12615
-32.6698	0
-32.3561	3.18557
-32.3561	-3.18557
-31.4269	6.24871
-31.4269	-6.24871
-29.918	9.07172
-29.918	-9.07172
-27.8873	11.5461
-27.8873	-11.5461
-25.4129	13.5768
-25.4129	-13.5768
-22.5899	15.0857
-22.5899	-15.0857
-19.5267	16.0149
-19.5267	-16.0149
-16.3412	16.3287
-16.3412	-16.3287
-13.1556	16.0149
-13.1556	-16.0149
-10.0925	15.0857
-10.0925	-15.0857
-7.26945	13.5768
-7.26945	-13.5768
-4.79506	11.5461
-4.79506	-11.5461
-0.0125	0
-0.326251	3.18557
-0.326251	-3.18557
-1.25545	6.24871
-1.25545	-6.24871
-2.76438	9.07172
-2.76438	-9.07172
-32.7663	0
-32.4526	3.18557
-32.4526	-3.18557
-31.5234	6.24871
-31.5234	-6.24871
-30.0145	9.07172
-30.0145	-9.07172
-27.9838	11.5461
-27.9838	-11.5461
-25.5094	13.5768
-25.5094	-13.5768
-22.6864	15.0857
-22.6864	-15.0857
-19.6232	16.0149
-19.6232	-16.0149
-16.4377	16.3287
-16.4377	-16.3287
-13.2521	16.0149
-13.2521	-16.0149
-10.189	15.0857
-10.189	-15.0857
-7.36595	13.5768
-7.36595	-13.5768
-4.89156	11.5461
-4.89156	-11.5461
-0.109	0
-0.422751	3.18557
-0.422751	-3.18557
-1.35195	6.24871
-1.35195	-6.24871
-2.86088	9.07172
-2.86088	-9.07172
-34.0073	0
-33.6936	3.18557
-33.6936	-3.18557
-32.7644	6.24871
-32.7644	-6.24871
-31.2555	9.07172
-31.2555	-9.07172
-29.2248	11.5461
-29.2248	-11.5461
-26.7504	13.5768
-26.7504	-13.5768
-23.9274	15.0857
-23.9274	-15.0857
-20.8642	16.0149
-20.8642	-16.0149
-17.6787	16.3287
-17.6787	-16.3287
-14.4931	16.0149
-14.4931	-16.0149
-11.43	15.0857
-11.43	-15.0857
-8.60695	13.5768
-8.60695	-13.5768
-6.13256	11.5461
-6.13256	-11.5461
-1.35	0
-1.66375	3.18557
-1.66375	-3.18557
-2.59295	6.24871
-2.59295	-6.24871
-4.10188	9.07172
-4.10188	-9.07172
-32.9743	0
-32.6606	3.18557
-32.6606	-3.18557
-31.7314	6.24871
-31.7314	-6.24871
-30.2225	9.07172
-30.2225	-9.07172
-28.1918	11.5461
-28.1918	-11.5461
-25.7174	13.5768
-25.7174	-13.5768
-22.8944	15.0857
-22.8944	-15.0857
-19.8312	16.0149
-19.8312	-16.0149
-16.6457	16.3287
-16.6457	-16.3287
-13.4601	16.0149
-13.4601	-16.0149
-10.397	15.0857
-10.397	-15.0857
-7.57395	13.5768
-7.57395	-13.5768
-5.09956	11.5461
-5.09956	-11.5461
-0.317	0
-0.630751	3.18557
-0.630751	-3.18557
-1.55995	6.24871
-1.55995	-6.24871
-3.06888	9.07172
-3.06888	-9.07172
-32.6891	0
-32.3754	3.18557
-32.3754	-3.18557
-31.4462	6.24871
-31.4462	-6.24871
-29.9373	9.07172
-29.9373	-9.07172
-27.9066	11.5461
-27.9066	-11.5461
-25.4322	13.5768
-25.4322	-13.5768
-22.6092	15.0857
-22.6092	-15.0857
-19.546	16.0149
-19.546	-16.0149
-16.3605	16.3287
-16.3605	-16.3287
-13.1749	16.0149
-13.1749	-16.0149
-10.1118	15.0857
-10.1118	-15.0857
-7.28875	13.5768
-7.28875	-13.5768
-4.81436	11.5461
-4.81436	-11.5461
-0.0318	0
-0.345551	3.18557
-0.345551	-3.18557
-1.27475	6.24871
-1.27475	-6.24871
-2.78368	9.07172
-2.78368	-9.07172
-41.2973	0
-40.9836	3.18557
-40.9836	-3.18557
-40.0544	6.24871
-40.0544	-6.24871
-38.5455	9.07172
-38.5455	-9.07172
-36.5148	11.5461
-36.5148	-11.5461
-34.0404	13.5768
-34.0404	-13.5768
-31.2174	15.0857
-31.2174	-15.0857
-28.1542	16.0149
-28.1542	-16.0149
-24.9687	16.3287
-24.9687	-16.3287
-21.7831	16.0149
-21.7831	-16.0149
-18.72	15.0857
-18.72	-15.0857
-15.8969	13.5768
-15.8969	-13.5768
-13.4226	11.5461
-13.4226	-11.5461
-8.64	0
-8.95375	3.18557
-8.95375	-3.18557
-9.88295	6.24871
-9.88295	-6.24871
-11.3919	9.07172
-11.3919	-9.07172
-34.3446	0
-34.0147	3.34893
-34.0147	-3.34893
-33.0379	6.56916
-33.0379	-6.56916
-31.4516	9.53694
-31.4516	-9.53694
-29.3168	12.1382
-29.3168	-12.1382
-26.7155	14.273
-26.7155	-14.273
-23.7477	15.8594
-23.7477	-15.8594
-20.5275	16.8362
-20.5275	-16.8362
-17.1785	17.166
-17.1785	-17.166
-13.8296	16.8362
-13.8296	-16.8362
-10.6094	15.8594
-10.6094	-15.8594
-7.6416	14.273
-7.6416	-14.273
-5.04032	12.1382
-5.04032	-12.1382
-0.0125	0
-0.342341	3.34893
-0.342341	-3.34893
-1.31919	6.56916
-1.31919	-6.56916
-2.9055	9.53694
-2.9055	-9.53694
-34.4411	0
-34.1112	3.34893
-34.1112	-3.34893
-33.1344	6.56916
-33.1344	-6.56916
-31.5481	9.53694
-31.5481	-9.53694
-29.4133	12.1382
-29.4133	-12.1382
-26.812	14.273
-26.812	-14.273
-23.8442	15.8594
-23.8442	-15.8594
-20.624	16.8362
-20.624	-16.8362
-17.275	17.166
-17.275	-17.166
-13.9261	16.8362
-13.9261	-16.8362
-10.7059	15.8594
-10.7059	-15.8594
-7.7381	14.273
-7.7381	-14.273
-5.13682	12.1382
-5.13682	-12.1382
-0.109	0
-0.438841	3.34893
-0.438841	-3.34893
-1.41569	6.56916
-1.41569	-6.56916
-3.002	9.53694
-3.002	-9.53694
-35.6821	0
-35.3522	3.34893
-35.3522	-3.34893
-34.3754	6.56916
-34.3754	-6.56916
-32.7891	9.53694
-32.7891	-9.53694
-30.6543	12.1382
-30.6543	-12.1382
-28.053	14.273
-28.053	-14.273
-25.0852	15.8594
-25.0852	-15.8594
-21.865	16.8362
-21.865	-16.8362
-18.516	17.166
-18.516	-17.166
-15.1671	16.8362
-15.1671	-16.8362
-11.9469	15.8594
-11.9469	-15.8594
-8.9791	14.273
-8.9791	-14.273
-6.37782	12.1382
-6.37782	-12.1382
-1.35	0
-1.67984	3.34893
-1.67984	-3.34893
-2.65669	6.56916
-2.65669	-6.56916
-4.243	9.53694
-4.243	-9.53694
-34.6491	0
-34.3192	3.34893
-34.3192	-3.34893
-33.3424	6.56916
-33.3424	-6.56916
-31.7561	9.53694
-31.7561	-9.53694
-29.6213	12.1382
-29.6213	-12.1382
-27.02	14.273
-27.02	-14.273
-24.0522	15.8594
-24.0522	-15.8594
-20.832	16.8362
-20.832	-16.8362
-17.483	17.166
-17.483	-17.166
-14.1341	16.8362
-14.1341	-16.8362
-10.9139	15.8594
-10.9139	-15.8594
-7.9461	14.273
-7.9461	-14.273
-5.34482	12.1382
-5.34482	-12.1382
-0.317	0
-0.646841	3.34893
-0.646841	-3.34893
-1.62369	6.56916
-1.62369	-6.56916
-3.21	9.53694
-3.21	-9.53694
-34.3639	0
-34.034	3.34893
-34.034	-3.34893
-33.0572	6.56916
-33.0572	-6.56916
-31.4709	9.53694
-31.4709	-9.53694
-29.3361	12.1382
-29.3361	-12.1382
-26.7348	14.273
-26.7348	-14.273
-23.767	15.8594
-23.767	-15.8594
-20.5468	16.8362
-20.5468	-16.8362
-17.1978	17.166
-17.1978	-17.166
-13.8489	16.8362
-13.8489	-16.8362
-10.6287	15.8594
-10.6287	-15.8594
-7.6609	14.273
-7.6609	-14.273
-5.05962	12.1382
-5.05962	-12.1382
-0.0318	0
-0.361641	3.34893
-0.361641	-3.34893
-1.33849	6.56916
-1.33849	-6.56916
-2.9248	9.53694
-2.9248	-9.53694
-42.9721	0
-42.6422	3.34893
-42.6422	-3.34893
-41.6654	6.56916
-41.6654	-6.56916
-40.0791	9.53694
-40.0791	-9.53694
-37.9443	12.1382
-37.9443	-12.1382
-35.343	14.273
-35.343	-14.273
-32.3752	15.8594
-32.3752	-15.8594
-29.155	16.8362
-29.155	-16.8362
-25.806	17.166
-25.806	-17.166
-22.4571	16.8362
-22.4571	-16.8362
-19.2369	15.8594
-19.2369	-15.8594
-16.2691	14.273
-16.2691	-14.273
-13.6678	12.1382
-13.6678	-12.1382
-8.64	0
-8.96984	3.34893
-8.96984	-3.34893
-9.94669	6.56916
-9.94669	-6.56916
-11.533	9.53694
-11.533	-9.53694
-31.2742	0
-30.9739	3.04943
-30.9739	-3.04943
-30.0844	5.98167
-30.0844	-5.98167
-28.64	8.68404
-28.64	-8.68404
-26.6961	11.0527
-26.6961	-11.0527
-24.3274	12.9966
-24.3274	-12.9966
-21.625	14.441
-21.625	-14.441
-18.6928	15.3305
-18.6928	-15.3305
-15.6434	15.6309
-15.6434	-15.6309
-12.5939	15.3305
-12.5939	-15.3305
-9.66169	14.441
-9.66169	-14.441
-6.95932	12.9966
-6.95932	-12.9966
-4.59067	11.0527
-4.59067	-11.0527
-0.0125	0
-0.312843	3.04943
-0.312843	-3.04943
-1.20233	5.98167
-1.20233	-5.98167
-2.64678	8.68404
-2.64678	-8.68404
-31.3707	0
-31.0704	3.04943
-31.0704	-3.04943
-30.1809	5.98167
-30.1809	-5.98167
-28.7365	8.68404
-28.7365	-8.68404
-26.7926	11.0527
-26.7926	-11.0527
-24.4239	12.9966
-24.4239	-12.9966
-21.7215	14.441
-21.7215	-14.441
-18.7893	15.3305
-18.7893	-15.3305
-15.7399	15.6309
-15.7399	-15.6309
-12.6904	15.3305
-12.6904	-15.3305
-9.75819	14.441
-9.75819	-14.441
-7.05582	12.9966
-7.05582	-12.9966
-4.68717	11.0527
-4.68717	-11.0527
-0.109	0
-0.409343	3.04943
-0.409343	-3.04943
-1.29883	5.98167
-1.29883	-5.98167
-2.74328	8.68404
-2.74328	-8.68404
-32.6117	0
-32.3114	3.04943
-32.3114	-3.04943
-31.4219	5.98167
-31.4219	-5.98167
-29.9775	8.68404
-29.9775	-8.68404
-28.0336	11.0527
-28.0336	-11.0527
-25.6649	12.9966
-25.6649	-12.9966
-22.9625	14.441
-22.9625	-14.441
-20.0303	15.3305
-20.0303	-15.3305
-16.9809	15.6309
-16.9809	-15.6309
-13.9314	15.3305
-13.9314	-15.3305
-10.9992	14.441
-10.9992	-14.441
-8.29682	12.9966
-8.29682	-12.9966
-5.92817	11.0527
-5.92817	-11.0527
-1.35	0
-1.65034	3.04943
-1.65034	-3.04943
-2.53983	5.98167
-2.53983	-5.98167
-3.98428	8.68404
-3.98428	-8.68404
-31.5787	0
-31.2784	3.04943
-31.2784	-3.04943
-30.3889	5.98167
-30.3889	-5.98167
-28.9445	8.68404
-28.9445	-8.68404
-27.0006	11.0527
-27.0006	-11.0527
-24.6319	12.9966
-24.6319	-12.9966
-21.9295	14.441
-21.9295	-14.441
-18.9973	15.3305
-18.9973	-15.3305
-15.9479	15.6309
-15.9479	-15.6309
-12.8984	15.3305
-12.8984	-15.3305
-9.96619	14.441
-9.96619	-14.441
-7.26382	12.9966
-7.26382	-12.9966
-4.89517	11.0527
-4.89517	-11.0527
-0.317	0
-0.617343	3.04943
-0.617343	-3.04943
-1.50683	5.98167
-1.50683	-5.98167
-2.95128	8.68404
-2.95128	-8.68404
-31.2935	0
-30.9932	3.04943
-30.9932	-3.04943
-30.1037	5.98167
-30.1037	-5.98167
-28.6593	8.68404
-28.6593	-8.68404
-26.7154	11.0527
-26.7154	-11.0527
-24.3467	12.9966
-24.3467	-12.9966
-21.6443	14.441
-21.6443	-14.441
-18.7121	15.3305
-18.7121	-15.3305
-15.6627	15.6309
-15.6627	-15.6309
-12.6132	15.3305
-12.6132	-15.3305
-9.68099	14.441
-9.68099	-14.441
-6.97862	12.9966
-6.97862	-12.9966
-4.60997	11.0527
-4.60997	-11.0527
-0.0318	0
-0.332143	3.04943
-0.332143	-3.04943
-1.22163	5.98167
-1.22163	-5.98167
-2.66608	8.68404
-2.66608	-8.68404
-39.9017	0
-39.6014	3.04943
-39.6014	-3.04943
-38.7119	5.98167
-38.7119	-5.98167
-37.2675	8.68404
-37.2675	-8.68404
-35.3236	11.0527
-35.3236	-11.0527
-32.9549	12.9966
-32.9549	-12.9966
-30.2525	14.441
-30.2525	-14.441
-27.3203	15.3305
-27.3203	-15.3305
-24.2709	15.6309
-24.2709	-15.6309
-21.2214	15.3305
-21.2214	-15.3305
-18.2892	14.441
-18.2892	-14.441
-15.5868	12.9966
-15.5868	-12.9966
-13.2182	11.0527
-13.2182	-11.0527
-8.64	0
-8.94034	3.04943
-8.94034	-3.04943
-9.82983	5.98167
-9.82983	-5.98167
-11.2743	8.68404
-11.2743	-8.68404
-29.3204	0
-29.0388	2.85884
-29.0388	-2.85884
-28.2049	5.60782
-28.2049	-5.60782
-26.8507	8.14129
-26.8507	-8.14129
-25.0283	10.3619
-25.0283	-10.3619
-22.8077	12.1843
-22.8077	-12.1843
-20.2743	13.5385
-20.2743	-13.5385
-17.5253	14.3724
-17.5253	-14.3724
-14.6664	14.6539
-14.6664	-14.6539
-11.8076	14.3724
-11.8076	-14.3724
-9.05862	13.5385
-9.05862	-13.5385
-6.52515	12.1843
-6.52515	-12.1843
-4.30454	10.3619
-4.30454	-10.3619
-0.0125	0
-0.294071	2.85884
-0.294071	-2.85884
-1.12796	5.60782
-1.12796	-5.60782
-2.48213	8.14129
-2.48213	-8.14129
-29.4169	0
-29.1353	2.85884
-29.1353	-2.85884
-28.3014	5.60782
-28.3014	-5.60782
-26.9472	8.14129
-26.9472	-8.14129
-25.1248	10.3619
-25.1248	-10.3619
-22.9042	12.1843
-22.9042	-12.1843
-20.3708	13.5385
-20.3708	-13.5385
-17.6218	14.3724
-17.6218	-14.3724
-14.7629	14.6539
-14.7629	-14.6539
-11.9041	14.3724
-11.9041	-14.3724
-9.15512	13.5385
-9.15512	-13.5385
-6.62165	12.1843
-6.62165	-12.1843
-4.40104	10.3619
-4.40104	-10.3619
-0.109	0
-0.390571	2.85884
-0.390571	-2.85884
-1.22446	5.60782
-1.22446	-5.60782
-2.57863	8.14129
-2.57863	-8.14129
-30.6579	0
-30.3763	2.85884
-30.3763	-2.85884
-29.5424	5.60782
-29.5424	-5.60782
-28.1882	8.14129
-28.1882	-8.14129
-26.3658	10.3619
-26.3658	-10.3619
-24.1452	12.1843
-24.1452	-12.1843
-21.6118	13.5385
-21.6118	-13.5385
-18.8628	14.3724
-18.8628	-14.3724
-16.0039	14.6539
-16.0039	-14.6539
-13.1451	14.3724
-13.1451	-14.3724
-10.3961	13.5385
-10.3961	-13.5385
-7.86265	12.1843
-7.86265	-12.1843
-5.64204	10.3619
-5.64204	-10.3619
-1.35	0
-1.63157	2.85884
-1.63157	-2.85884
-2.46546	5.60782
-2.46546	-5.60782
-3.81963	8.14129
-3.81963	-8.14129
-29.6249	0
-29.3433	2.85884
-29.3433	-2.85884
-28.5094	5.60782
-28.5094	-5.60782
-27.1552	8.14129
-27.1552	-8.14129
-25.3328	10.3619
-25.3328	-10.3619
-23.1122	12.1843
-23.1122	-12.1843
-20.5788	13.5385
-20.5788	-13.5385
-17.8298	14.3724
-17.8298	-14.3724
-14.9709	14.6539
-14.9709	-14.6539
-12.1121	14.3724
-12.1121	-14.3724
-9.36312	13.5385
-9.36312	-13.5385
-6.82965	12.1843
-6.82965	-12.1843
-4.60904	10.3619
-4.60904	-10.3619
-0.317	0
-0.598571	2.85884
-0.598571	-2.85884
-1.43246	5.60782
-1.43246	-5.60782
-2.78663	8.14129
-2.78663	-8.14129
-29.3397	0
-29.0581	2.85884
-29.0581	-2.85884
-28.2242	5.60782
-28.2242	-5.60782
-26.87	8.14129
-26.87	-8.14129
-25.0476	10.3619
-25.0476	-10.3619
-22.827	12.1843
-22.827	-12.1843
-20.2936	13.5385
-20.2936	-13.5385
-17.5446	14.3724
-17.5446	-14.3724
-14.6857	14.6539
-14.6857	-14.6539
-11.8269	14.3724
-11.8269	-14.3724
-9.07792	13.5385
-9.07792	-13.5385
-6.54445	12.1843
-6.54445	-12.1843
-4.32384	10.3619
-4.32384	-10.3619
-0.0318	0
-0.313371	2.85884
-0.313371	-2.85884
-1.14726	5.60782
-1.14726	-5.60782
-2.50143	8.14129
-2.50143	-8.14129
-37.9479	0
-37.6663	2.85884
-37.6663	-2.85884
-36.8324	5.60782
-36.8324	-5.60782
-35.4782	8.14129
-35.4782	-8.14129
-33.6558	10.3619
-33.6558	-10.3619
-31.4352	12.1843
-31.4352	-12.1843
-28.9018	13.5385
-28.9018	-13.5385
-26.1528	14.3724
-26.1528	-14.3724
-23.2939	14.6539
-23.2939	-14.6539
-20.4351	14.3724
-20.4351	-14.3724
-17.6861	13.5385
-17.6861	-13.5385
-15.1526	12.1843
-15.1526	-12.1843
-12.932	10.3619
-12.932	-10.3619
-8.64	0
-8.92157	2.85884
-8.92157	-2.85884
-9.75546	5.60782
-9.75546	-5.60782
-11.1096	8.14129
-11.1096	-8.14129
-28.6226	0
-28.3477	2.79077
-28.3477	-2.79077
-27.5337	5.4743
-27.5337	-5.4743
-26.2117	7.94745
-26.2117	-7.94745
-24.4327	10.1152
-24.4327	-10.1152
-22.265	11.8942
-22.265	-11.8942
-19.7918	13.2161
-19.7918	-13.2161
-17.1083	14.0302
-17.1083	-14.0302
-14.3175	14.305
-14.3175	-14.305
-11.5268	14.0302
-11.5268	-14.0302
-8.84323	13.2161
-8.84323	-13.2161
-6.37008	11.8942
-6.37008	-11.8942
-4.20235	10.1152
-4.20235	-10.1152
-0.0125	0
-0.287367	2.79077
-0.287367	-2.79077
-1.10141	5.4743
-1.10141	-5.4743
-2.42333	7.94745
-2.42333	-7.94745
-28.7191	0
-28.4442	2.79077
-28.4442	-2.79077
-27.6302	5.4743
-27.6302	-5.4743
-26.3082	7.94745
-26.3082	-7.94745
-24.5292	10.1152
-24.5292	-10.1152
-22.3615	11.8942
-22.3615	-11.8942
-19.8883	13.2161
-19.8883	-13.2161
-17.2048	14.0302
-17.2048	-14.0302
-14.414	14.305
-14.414	-14.305
-11.6233	14.0302
-11.6233	-14.0302
-8.93973	13.2161
-8.93973	-13.2161
-6.46658	11.8942
-6.46658	-11.8942
-4.29885	10.1152
-4.29885	-10.1152
-0.109	0
-0.383867	2.79077
-0.383867	-2.79077
-1.19791	5.4743
-1.19791	-5.4743
-2.51983	7.94745
-2.51983	-7.94745
-29.9601	0
-29.6852	2.79077
-29.6852	-2.79077
-28.8712	5.4743
-28.8712	-5.4743
-27.5492	7.94745
-27.5492	-7.94745
-25.7702	10.1152
-25.7702	-10.1152
-23.6025	11.8942
-23.6025	-11.8942
-21.1293	13.2161
-21.1293	-13.2161
-18.4458	14.0302
-18.4458	-14.0302
-15.655	14.305
-15.655	-14.305
-12.8643	14.0302
-12.8643	-14.0302
-10.1807	13.2161
-10.1807	-13.2161
-7.70758	11.8942
-7.70758	-11.8942
-5.53985	10.1152
-5.53985	-10.1152
-1.35	0
-1.62487	2.79077
-1.62487	-2.79077
-2.43891	5.4743
-2.43891	-5.4743
-3.76083	7.94745
-3.76083	-7.94745
-28.9271	0
-28.6522	2.79077
-28.6522	-2.79077
-27.8382	5.4743
-27.8382	-5.4743
-26.5162	7.94745
-26.5162	-7.94745
-24.7372	10.1152
-24.7372	-10.1152
-22.5695	11.8942
-22.5695	-11.8942
-20.0963	13.2161
-20.0963	-13.2161
-17.4128	14.0302
-17.4128	-14.0302
-14.622	14.305
-14.622	-14.305
-11.8313	14.0302
-11.8313	-14.0302
-9.14773	13.2161
-9.14773	-13.2161
-6.67458	11.8942
-6.67458	-11.8942
-4.50685	10.1152
-4.50685	-10.1152
-0.317	0
-0.591867	2.79077
-0.591867	-2.79077
-1.40591	5.4743
-1.40591	-5.4743
-2.72783	7.94745
-2.72783	-7.94745
-28.6419	0
-28.367	2.79077
-28.367	-2.79077
-27.553	5.4743
-27.553	-5.4743
-26.231	7.94745
-26.231	-7.94745
-24.452	10.1152
-24.452	-10.1152
-22.2843	11.8942
-22.2843	-11.8942
-19.8111	13.2161
-19.8111	-13.2161
-17.1276	14.0302
-17.1276	-14.0302
-14.3368	14.305
-14.3368	-14.305
-11.5461	14.0302
-11.5461	-14.0302
-8.86253	13.2161
-8.86253	-13.2161
-6.38938	11.8942
-6.38938	-11.8942
-4.22165	10.1152
-4.22165	-10.1152
-0.0318	0
-0.306667	2.79077
-0.306667	-2.79077
-1.12071	5.4743
-1.12071	-5.4743
-2.44263	7.94745
-2.44263	-7.94745
-37.2501	0
-36.9752	2.79077
-36.9752	-2.79077
-36.1612	5.4743
-36.1612	-5.4743
-34.8392	7.94745
-34.8392	-7.94745
-33.0602	10.1152
-33.0602	-10.1152
-30.8925	11.8942
-30.8925	-11.8942
-28.4193	13.2161
-28.4193	-13.2161
-25.7358	14.0302
-25.7358	-14.0302
-22.945	14.305
-22.945	-14.305
-20.1543	14.0302
-20.1543	-14.0302
-17.4707	13.2161
-17.4707	-13.2161
-14.9976	11.8942
-14.9976	-11.8942
-12.8298	10.1152
-12.8298	-10.1152
-8.64	0
-8.91487	2.79077
-8.91487	-2.79077
-9.72891	5.4743
-9.72891	-5.4743
-11.0508	7.94745
-11.0508	-7.94745
-27.227	0
-26.9655	2.65464
-26.9655	-2.65464
-26.1912	5.20726
-26.1912	-5.20726
-24.9337	7.55977
-24.9337	-7.55977
-23.2415	9.62176
-23.2415	-9.62176
-21.1795	11.314
-21.1795	-11.314
-18.827	12.5714
-18.827	-12.5714
-16.2744	13.3458
-16.2744	-13.3458
-13.6197	13.6072
-13.6197	-13.6072
-10.9651	13.3458
-10.9651	-13.3458
-8.41247	12.5714
-8.41247	-12.5714
-6.05996	11.314
-6.05996	-11.314
-3.99796	9.62176
-3.99796	-9.62176
-0.0125	0
-0.273959	2.65464
-0.273959	-2.65464
-1.04829	5.20726
-1.04829	-5.20726
-2.30573	7.55977
-2.30573	-7.55977
-27.3235	0
-27.062	2.65464
-27.062	-2.65464
-26.2877	5.20726
-26.2877	-5.20726
-25.0302	7.55977
-25.0302	-7.55977
-23.338	9.62176
-23.338	-9.62176
-21.276	11.314
-21.276	-11.314
-18.9235	12.5714
-18.9235	-12.5714
-16.3709	13.3458
-16.3709	-13.3458
-13.7162	13.6072
-13.7162	-13.6072
-11.0616	13.3458
-11.0616	-13.3458
-8.50897	12.5714
-8.50897	-12.5714
-6.15646	11.314
-6.15646	-11.314
-4.09446	9.62176
-4.09446	-9.62176
-0.109	0
-0.370459	2.65464
-0.370459	-2.65464
-1.14479	5.20726
-1.14479	-5.20726
-2.40223	7.55977
-2.40223	-7.55977
-28.5645	0
-28.303	2.65464
-28.303	-2.65464
-27.5287	5.20726
-27.5287	-5.20726
-26.2712	7.55977
-26.2712	-7.55977
-24.579	9.62176
-24.579	-9.62176
-22.517	11.314
-22.517	-11.314
-20.1645	12.5714
-20.1645	-12.5714
-17.6119	13.3458
-17.6119	-13.3458
-14.9572	13.6072
-14.9572	-13.6072
-12.3026	13.3458
-12.3026	-13.3458
-9.74997	12.5714
-9.74997	-12.5714
-7.39746	11.314
-7.39746	-11.314
-5.33546	9.62176
-5.33546	-9.62176
-1.35	0
-1.61146	2.65464
-1.61146	-2.65464
-2.38579	5.20726
-2.38579	-5.20726
-3.64323	7.55977
-3.64323	-7.55977
-27.5315	0
-27.27	2.65464
-27.27	-2.65464
-26.4957	5.20726
-26.4957	-5.20726
-25.2382	7.55977
-25.2382	-7.55977
-23.546	9.62176
-23.546	-9.62176
-21.484	11.314
-21.484	-11.314
-19.1315	12.5714
-19.1315	-12.5714
-16.5789	13.3458
-16.5789	-13.3458
-13.9242	13.6072
-13.9242	-13.6072
-11.2696	13.3458
-11.2696	-13.3458
-8.71697	12.5714
-8.71697	-12.5714
-6.36446	11.314
-6.36446	-11.314
-4.30246	9.62176
-4.30246	-9.62176
-0.317	0
-0.578459	2.65464
-0.578459	-2.65464
-1.35279	5.20726
-1.35279	-5.20726
-2.61023	7.55977
-2.61023	-7.55977
-27.2463	0
-26.9848	2.65464
-26.9848	-2.65464
-26.2105	5.20726
-26.2105	-5.20726
-24.953	7.55977
-24.953	-7.55977
-23.2608	9.62176
-23.2608	-9.62176
-21.1988	11.314
-21.1988	-11.314
-18.8463	12.5714
-18.8463	-12.5714
-16.2937	13.3458
-16.2937	-13.3458
-13.639	13.6072
-13.639	-13.6072
-10.9844	13.3458
-10.9844	-13.3458
-8.43177	12.5714
-8.43177	-12.5714
-6.07926	11.314
-6.07926	-11.314
-4.01726	9.62176
-4.01726	-9.62176
-0.0318	0
-0.293259	2.65464
-0.293259	-2.65464
-1.06759	5.20726
-1.06759	-5.20726
-2.32503	7.55977
-2.32503	-7.55977
-35.8545	0
-35.593	2.65464
-35.593	-2.65464
-34.8187	5.20726
-34.8187	-5.20726
-33.5612	7.55977
-33.5612	-7.55977
-31.869	9.62176
-31.869	-9.62176
-29.807	11.314
-29.807	-11.314
-27.4545	12.5714
-27.4545	-12.5714
-24.9019	13.3458
-24.9019	-13.3458
-22.2472	13.6072
-22.2472	-13.6072
-19.5926	13.3458
-19.5926	-13.3458
-17.04	12.5714
-17.04	-12.5714
-14.6875	11.314
-14.6875	-11.314
-12.6255	9.62176
-12.6255	-9.62176
-8.64	0
-8.90146	2.65464
-8.90146	-2.65464
-9.67579	5.20726
-9.67579	-5.20726
-10.9332	7.55977
-10.9332	-7.55977
-26.9478	0
-26.6891	2.62741
-26.6891	-2.62741
-25.9227	5.15385
-25.9227	-5.15385
-24.6781	7.48223
-24.6781	-7.48223
-23.0032	9.52308
-23.0032	-9.52308
-20.9624	11.198
-20.9624	-11.198
-18.634	12.4425
-18.634	-12.4425
-16.1076	13.2089
-16.1076	-13.2089
-13.4802	13.4677
-13.4802	-13.4677
-10.8528	13.2089
-10.8528	-13.2089
-8.32631	12.4425
-8.32631	-12.4425
-5.99793	11.198
-5.99793	-11.198
-3.95709	9.52308
-3.95709	-9.52308
-0.0125	0
-0.271277	2.62741
-0.271277	-2.62741
-1.03766	5.15385
-1.03766	-5.15385
-2.28221	7.48223
-2.28221	-7.48223
-27.0443	0
-26.7856	2.62741
-26.7856	-2.62741
-26.0192	5.15385
-26.0192	-5.15385
-24.7746	7.48223
-24.7746	-7.48223
-23.0997	9.52308
-23.0997	-9.52308
-21.0589	11.198
-21.0589	-11.198
-18.7305	12.4425
-18.7305	-12.4425
-16.2041	13.2089
-16.2041	-13.2089
-13.5767	13.4677
-13.5767	-13.4677
-10.9493	13.2089
-10.9493	-13.2089
-8.42281	12.4425
-8.42281	-12.4425
-6.09443	11.198
-6.09443	-11.198
-4.05359	9.52308
-4.05359	-9.52308
-0.109	0
-0.367777	2.62741
-0.367777	-2.62741
-1.13416	5.15385
-1.13416	-5.15385
-2.37871	7.48223
-2.37871	-7.48223
-28.2853	0
-28.0266	2.62741
-28.0266	-2.62741
-27.2602	5.15385
-27.2602	-5.15385
-26.0156	7.48223
-26.0156	-7.48223
-24.3407	9.52308
-24.3407	-9.52308
-22.2999	11.198
-22.2999	-11.198
-19.9715	12.4425
-19.9715	-12.4425
-17.4451	13.2089
-17.4451	-13.2089
-14.8177	13.4677
-14.8177	-13.4677
-12.1903	13.2089
-12.1903	-13.2089
-9.66381	12.4425
-9.66381	-12.4425
-7.33543	11.198
-7.33543	-11.198
-5.29459	9.52308
-5.29459	-9.52308
-1.35	0
-1.60878	2.62741
-1.60878	-2.62741
-2.37516	5.15385
-2.37516	-5.15385
-3.61971	7.48223
-3.61971	-7.48223
-27.2523	0
-26.9936	2.62741
-26.9936	-2.62741
-26.2272	5.15385
-26.2272	-5.15385
-24.9826	7.48223
-24.9826	-7.48223
-23.3077	9.52308
-23.3077	-9.52308
-21.2669	11.198
-21.2669	-11.198
-18.9385	12.4425
-18.9385	-12.4425
-16.4121	13.2089
-16.4121	-13.2089
-13.7847	13.4677
-13.7847	-13.4677
-11.1573	13.2089
-11.1573	-13.2089
-8.63081	12.4425
-8.63081	-12.4425
-6.30243	11.198
-6.30243	-11.198
-4.26159	9.52308
-4.26159	-9.52308
-0.317	0
-0.575777	2.62741
-0.575777	-2.62741
-1.34216	5.15385
-1.34216	-5.15385
-2.58671	7.48223
-2.58671	-7.48223
-26.9671	0
-26.7084	2.62741
-26.7084	-2.62741
-25.942	5.15385
-25.942	-5.15385
-24.6974	7.48223
-24.6974	-7.48223
-23.0225	9.52308
-23.0225	-9.52308
-20.9817	11.198
-20.9817	-11.198
-18.6533	12.4425
-18.6533	-12.4425
-16.1269	13.2089
-16.1269	-13.2089
-13.4995	13.4677
-13.4995	-13.4677
-10.8721	13.2089
-10.8721	-13.2089
-8.34561	12.4425
-8.34561	-12.4425
-6.01723	11.198
-6.01723	-11.198
-3.97639	9.52308
-3.97639	-9.52308
-0.0318	0
-0.290577	2.62741
-0.290577	-2.62741
-1.05696	5.15385
-1.05696	-5.15385
-2.30151	7.48223
-2.30151	-7.48223
-35.5753	0
-35.3166	2.62741
-35.3166	-2.62741
-34.5502	5.15385
-34.5502	-5.15385
-33.3056	7.48223
-33.3056	-7.48223
-31.6307	9.52308
-31.6307	-9.52308
-29.5899	11.198
-29.5899	-11.198
-27.2615	12.4425
-27.2615	-12.4425
-24.7351	13.2089
-24.7351	-13.2089
-22.1077	13.4677
-22.1077	-13.4677
-19.4803	13.2089
-19.4803	-13.2089
-16.9538	12.4425
-16.9538	-12.4425
-14.6254	11.198
-14.6254	-11.198
-12.5846	9.52308
-12.5846	-9.52308
-8.64	0
-8.89878	2.62741
-8.89878	-2.62741
-9.66516	5.15385
-9.66516	-5.15385
-10.9097	7.48223
-10.9097	-7.48223
-26.5291	0
-26.2744	2.58657
-26.2744	-2.58657
-25.5199	5.07374
-25.5199	-5.07374
-24.2947	7.36593
-24.2947	-7.36593
-22.6459	9.37505
-22.6459	-9.37505
-20.6368	11.0239
-20.6368	-11.0239
-18.3446	12.2491
-18.3446	-12.2491
-15.8574	13.0036
-15.8574	-13.0036
-13.2708	13.2583
-13.2708	-13.2583
-10.6843	13.0036
-10.6843	-13.0036
-8.19708	12.2491
-8.19708	-12.2491
-5.90489	11.0239
-5.90489	-11.0239
-3.89577	9.37505
-3.89577	-9.37505
-0.0125	0
-0.267255	2.58657
-0.267255	-2.58657
-1.02173	5.07374
-1.02173	-5.07374
-2.24693	7.36593
-2.24693	-7.36593
-26.6256	0
-26.3709	2.58657
-26.3709	-2.58657
-25.6164	5.07374
-25.6164	-5.07374
-24.3912	7.36593
-24.3912	-7.36593
-22.7424	9.37505
-22.7424	-9.37505
-20.7333	11.0239
-20.7333	-11.0239
-18.4411	12.2491
-18.4411	-12.2491
-15.9539	13.0036
-15.9539	-13.0036
-13.3673	13.2583
-13.3673	-13.2583
-10.7808	13.0036
-10.7808	-13.0036
-8.29358	12.2491
-8.29358	-12.2491
-6.00139	11.0239
-6.00139	-11.0239
-3.99227	9.37505
-3.99227	-9.37505
-0.109	0
-0.363755	2.58657
-0.363755	-2.58657
-1.11823	5.07374
-1.11823	-5.07374
-2.34343	7.36593
-2.34343	-7.36593
-27.8666	0
-27.6119	2.58657
-27.6119	-2.58657
-26.8574	5.07374
-26.8574	-5.07374
-25.6322	7.36593
-25.6322	-7.36593
-23.9834	9.37505
-23.9834	-9.37505
-21.9743	11.0239
-21.9743	-11.0239
-19.6821	12.2491
-19.6821	-12.2491
-17.1949	13.0036
-17.1949	-13.0036
-14.6083	13.2583
-14.6083	-13.2583
-12.0218	13.0036
-12.0218	-13.0036
-9.53458	12.2491
-9.53458	-12.2491
-7.24239	11.0239
-7.24239	-11.0239
-5.23327	9.37505
-5.23327	-9.37505
-1.35	0
-1.60475	2.58657
-1.60475	-2.58657
-2.35923	5.07374
-2.35923	-5.07374
-3.58443	7.36593
-3.58443	-7.36593
-26.8336	0
-26.5789	2.58657
-26.5789	-2.58657
-25.8244	5.07374
-25.8244	-5.07374
-24.5992	7.36593
-24.5992	-7.36593
-22.9504	9.37505
-22.9504	-9.37505
-20.9413	11.0239
-20.9413	-11.0239
-18.6491	12.2491
-18.6491	-12.2491
-16.1619	13.0036
-16.1619	-13.0036
-13.5753	13.2583
-13.5753	-13.2583
-10.9888	13.0036
-10.9888	-13.0036
-8.50158	12.2491
-8.50158	-12.2491
-6.20939	11.0239
-6.20939	-11.0239
-4.20027	9.37505
-4.20027	-9.37505
-0.317	0
-0.571755	2.58657
-0.571755	-2.58657
-1.32623	5.07374
-1.32623	-5.07374
-2.55143	7.36593
-2.55143	-7.36593
-26.5484	0
-26.2937	2.58657
-26.2937	-2.58657
-25.5392	5.07374
-25.5392	-5.07374
-24.314	7.36593
-24.314	-7.36593
-22.6652	9.37505
-22.6652	-9.37505
-20.6561	11.0239
-20.6561	-11.0239
-18.3639	12.2491
-18.3639	-12.2491
-15.8767	13.0036
-15.8767	-13.0036
-13.2901	13.2583
-13.2901	-13.2583
-10.7036	13.0036
-10.7036	-13.0036
-8.21638	12.2491
-8.21638	-12.2491
-5.92419	11.0239
-5.92419	-11.0239
-3.91507	9.37505
-3.91507	-9.37505
-0.0318	0
-0.286555	2.58657
-0.286555	-2.58657
-1.04103	5.07374
-1.04103	-5.07374
-2.26623	7.36593
-2.26623	-7.36593
-35.1566	0
-34.9019	2.58657
-34.9019	-2.58657
-34.1474	5.07374
-34.1474	-5.07374
-32.9222	7.36593
-32.9222	-7.36593
-31.2734	9.37505
-31.2734	-9.37505
-29.2643	11.0239
-29.2643	-11.0239
-26.9721	12.2491
-26.9721	-12.2491
-24.4849	13.0036
-24.4849	-13.0036
-21.8983	13.2583
-21.8983	-13.2583
-19.3118	13.0036
-19.3118	-13.0036
-16.8246	12.2491
-16.8246	-12.2491
-14.5324	11.0239
-14.5324	-11.0239
-12.5233	9.37505
-12.5233	-9.37505
-8.64	0
-8.89475	2.58657
-8.89475	-2.58657
-9.64923	5.07374
-9.64923	-5.07374
-10.8744	7.36593
-10.8744	-7.36593
-26.25	0
-25.9979	2.55934
-25.9979	-2.55934
-25.2514	5.02033
-25.2514	-5.02033
-24.0391	7.28839
-24.0391	-7.28839
-22.4076	9.27637
-22.4076	-9.27637
-20.4197	10.9079
-20.4197	-10.9079
-18.1516	12.1202
-18.1516	-12.1202
-15.6906	12.8667
-15.6906	-12.8667
-13.1313	13.1188
-13.1313	-13.1188
-10.5719	12.8667
-10.5719	-12.8667
-8.11093	12.1202
-8.11093	-12.1202
-5.84287	10.9079
-5.84287	-10.9079
-3.8549	9.27637
-3.8549	-9.27637
-0.0125	0
-0.264573	2.55934
-0.264573	-2.55934
-1.01111	5.02033
-1.01111	-5.02033
-2.22341	7.28839
-2.22341	-7.28839
-26.3465	0
-26.0944	2.55934
-26.0944	-2.55934
-25.3479	5.02033
-25.3479	-5.02033
-24.1356	7.28839
-24.1356	-7.28839
-22.5041	9.27637
-22.5041	-9.27637
-20.5162	10.9079
-20.5162	-10.9079
-18.2481	12.1202
-18.2481	-12.1202
-15.7871	12.8667
-15.7871	-12.8667
-13.2278	13.1188
-13.2278	-13.1188
-10.6684	12.8667
-10.6684	-12.8667
-8.20743	12.1202
-8.20743	-12.1202
-5.93937	10.9079
-5.93937	-10.9079
-3.9514	9.27637
-3.9514	-9.27637
-0.109	0
-0.361073	2.55934
-0.361073	-2.55934
-1.10761	5.02033
-1.10761	-5.02033
-2.31991	7.28839
-2.31991	-7.28839
-27.5875	0
-27.3354	2.55934
-27.3354	-2.55934
-26.5889	5.02033
-26.5889	-5.02033
-25.3766	7.28839
-25.3766	-7.28839
-23.7451	9.27637
-23.7451	-9.27637
-21.7572	10.9079
-21.7572	-10.9079
-19.4891	12.1202
-19.4891	-12.1202
-17.0281	12.8667
-17.0281	-12.8667
-14.4688	13.1188
-14.4688	-13.1188
-11.9094	12.8667
-11.9094	-12.8667
-9.44843	12.1202
-9.44843	-12.1202
-7.18037	10.9079
-7.18037	-10.9079
-5.1924	9.27637
-5.1924	-9.27637
-1.35	0
-1.60207	2.55934
-1.60207	-2.55934
-2.34861	5.02033
-2.34861	-5.02033
-3.56091	7.28839
-3.56091	-7.28839
-26.5545	0
-26.3024	2.55934
-26.3024	-2.55934
-25.5559	5.02033
-25.5559	-5.02033
-24.3436	7.28839
-24.3436	-7.28839
-22.7121	9.27637
-22.7121	-9.27637
-20.7242	10.9079
-20.7242	-10.9079
-18.4561	12.1202
-18.4561	-12.1202
-15.9951	12.8667
-15.9951	-12.8667
-13.4358	13.1188
-13.4358	-13.1188
-10.8764	12.8667
-10.8764	-12.8667
-8.41543	12.1202
-8.41543	-12.1202
-6.14737	10.9079
-6.14737	-10.9079
-4.1594	9.27637
-4.1594	-9.27637
-0.317	0
-0.569073	2.55934
-0.569073	-2.55934
-1.31561	5.02033
-1.31561	-5.02033
-2.52791	7.28839
-2.52791	-7.28839
-26.2693	0
-26.0172	2.55934
-26.0172	-2.55934
-25.2707	5.02033
-25.2707	-5.02033
-24.0584	7.28839
-24.0584	-7.28839
-22.4269	9.27637
-22.4269	-9.27637
-20.439	10.9079
-20.439	-10.9079
-18.1709	12.1202
-18.1709	-12.1202
-15.7099	12.8667
-15.7099	-12.8667
-13.1506	13.1188
-13.1506	-13.1188
-10.5912	12.8667
-10.5912	-12.8667
-8.13023	12.1202
-8.13023	-12.1202
-5.86217	10.9079
-5.86217	-10.9079
-3.8742	9.27637
-3.8742	-9.27637
-0.0318	0
-0.283873	2.55934
-0.283873	-2.55934
-1.03041	5.02033
-1.03041	-5.02033
-2.24271	7.28839
-2.24271	-7.28839
-34.8775	0
-34.6254	2.55934
-34.6254	-2.55934
-33.8789	5.02033
-33.8789	-5.02033
-32.6666	7.28839
-32.6666	-7.28839
-31.0351	9.27637
-31.0351	-9.27637
-29.0472	10.9079
-29.0472	-10.9079
-26.7791	12.1202
-26.7791	-12.1202
-24.3181	12.8667
-24.3181	-12.8667
-21.7588	13.1188
-21.7588	-13.1188
-19.1994	12.8667
-19.1994	-12.8667
-16.7384	12.1202
-16.7384	-12.1202
-14.4704	10.9079
-14.4704	-10.9079
-12.4824	9.27637
-12.4824	-9.27637
-8.64	0
-8.89207	2.55934
-8.89207	-2.55934
-9.63861	5.02033
-9.63861	-5.02033
-10.8509	7.28839
-10.8509	-7.28839
-26.1105	0
-25.8597	2.54573
-25.8597	-2.54573
-25.1172	4.99363
-25.1172	-4.99363
-23.9113	7.24963
-23.9113	-7.24963
-22.2885	9.22702
-22.2885	-9.22702
-20.3111	10.8498
-20.3111	-10.8498
-18.0551	12.0557
-18.0551	-12.0557
-15.6072	12.7982
-15.6072	-12.7982
-13.0615	13.049
-13.0615	-13.049
-10.5158	12.7982
-10.5158	-12.7982
-8.06785	12.0557
-8.06785	-12.0557
-5.81186	10.8498
-5.81186	-10.8498
-3.83446	9.22702
-3.83446	-9.22702
-0.0125	0
-0.263233	2.54573
-0.263233	-2.54573
-1.00579	4.99363
-1.00579	-4.99363
-2.21165	7.24963
-2.21165	-7.24963
-26.207	0
-25.9562	2.54573
-25.9562	-2.54573
-25.2137	4.99363
-25.2137	-4.99363
-24.0078	7.24963
-24.0078	-7.24963
-22.385	9.22702
-22.385	-9.22702
-20.4076	10.8498
-20.4076	-10.8498
-18.1516	12.0557
-18.1516	-12.0557
-15.7037	12.7982
-15.7037	-12.7982
-13.158	13.049
-13.158	-13.049
-10.6123	12.7982
-10.6123	-12.7982
-8.16435	12.0557
-8.16435	-12.0557
-5.90836	10.8498
-5.90836	-10.8498
-3.93096	9.22702
-3.93096	-9.22702
-0.109	0
-0.359733	2.54573
-0.359733	-2.54573
-1.10229	4.99363
-1.10229	-4.99363
-2.30815	7.24963
-2.30815	-7.24963
-27.448	0
-27.1972	2.54573
-27.1972	-2.54573
-26.4547	4.99363
-26.4547	-4.99363
-25.2488	7.24963
-25.2488	-7.24963
-23.626	9.22702
-23.626	-9.22702
-21.6486	10.8498
-21.6486	-10.8498
-19.3926	12.0557
-19.3926	-12.0557
-16.9447	12.7982
-16.9447	-12.7982
-14.399	13.049
-14.399	-13.049
-11.8533	12.7982
-11.8533	-12.7982
-9.40535	12.0557
-9.40535	-12.0557
-7.14936	10.8498
-7.14936	-10.8498
-5.17196	9.22702
-5.17196	-9.22702
-1.35	0
-1.60073	2.54573
-1.60073	-2.54573
-2.34329	4.99363
-2.34329	-4.99363
-3.54915	7.24963
-3.54915	-7.24963
-26.415	0
-26.1642	2.54573
-26.1642	-2.54573
-25.4217	4.99363
-25.4217	-4.99363
-24.2158	7.24963
-24.2158	-7.24963
-22.593	9.22702
-22.593	-9.22702
-20.6156	10.8498
-20.6156	-10.8498
-18.3596	12.0557
-18.3596	-12.0557
-15.9117	12.7982
-15.9117	-12.7982
-13.366	13.049
-13.366	-13.049
-10.8203	12.7982
-10.8203	-12.7982
-8.37235	12.0557
-8.37235	-12.0557
-6.11636	10.8498
-6.11636	-10.8498
-4.13896	9.22702
-4.13896	-9.22702
-0.317	0
-0.567733	2.54573
-0.567733	-2.54573
-1.31029	4.99363
-1.31029	-4.99363
-2.51615	7.24963
-2.51615	-7.24963
-26.1298	0
-25.879	2.54573
-25.879	-2.54573
-25.1365	4.99363
-25.1365	-4.99363
-23.9306	7.24963
-23.9306	-7.24963
-22.3078	9.22702
-22.3078	-9.22702
-20.3304	10.8498
-20.3304	-10.8498
-18.0744	12.0557
-18.0744	-12.0557
-15.6265	12.7982
-15.6265	-12.7982
-13.0808	13.049
-13.0808	-13.049
-10.5351	12.7982
-10.5351	-12.7982
-8.08715	12.0557
-8.08715	-12.0557
-5.83116	10.8498
-5.83116	-10.8498
-3.85376	9.22702
-3.85376	-9.22702
-0.0318	0
-0.282533	2.54573
-0.282533	-2.54573
-1.02509	4.99363
-1.02509	-4.99363
-2.23095	7.24963
-2.23095	-7.24963
-34.738	0
-34.4872	2.54573
-34.4872	-2.54573
-33.7447	4.99363
-33.7447	-4.99363
-32.5388	7.24963
-32.5388	-7.24963
-30.916	9.22702
-30.916	-9.22702
-28.9386	10.8498
-28.9386	-10.8498
-26.6826	12.0557
-26.6826	-12.0557
-24.2347	12.7982
-24.2347	-12.7982
-21.689	13.049
-21.689	-13.049
-19.1433	12.7982
-19.1433	-12.7982
-16.6954	12.0557
-16.6954	-12.0557
-14.4394	10.8498
-14.4394	-10.8498
-12.462	9.22702
-12.462	-9.22702
-8.64	0
-8.89073	2.54573
-8.89073	-2.54573
-9.63329	4.99363
-9.63329	-4.99363
-10.8391	7.24963
-10.8391	-7.24963
-25.9709	0
-25.7215	2.53212
-25.7215	-2.53212
-24.9829	4.96692
-24.9829	-4.96692
-23.7835	7.21086
-23.7835	-7.21086
-22.1694	9.17768
-22.1694	-9.17768
-20.2026	10.7918
-20.2026	-10.7918
-17.9586	11.9912
-17.9586	-11.9912
-15.5238	12.7298
-15.5238	-12.7298
-12.9917	12.9792
-12.9917	-12.9792
-10.4596	12.7298
-10.4596	-12.7298
-8.02478	11.9912
-8.02478	-11.9912
-5.78084	10.7918
-5.78084	-10.7918
-3.81402	9.17768
-3.81402	-9.17768
-0.0125	0
-0.261892	2.53212
-0.261892	-2.53212
-1.00048	4.96692
-1.00048	-4.96692
-2.19989	7.21086
-2.19989	-7.21086
-26.0674	0
-25.818	2.53212
-25.818	-2.53212
-25.0794	4.96692
-25.0794	-4.96692
-23.88	7.21086
-23.88	-7.21086
-22.2659	9.17768
-22.2659	-9.17768
-20.2991	10.7918
-20.2991	-10.7918
-18.0551	11.9912
-18.0551	-11.9912
-15.6203	12.7298
-15.6203	-12.7298
-13.0882	12.9792
-13.0882	-12.9792
-10.5561	12.7298
-10.5561	-12.7298
-8.12128	11.9912
-8.12128	-11.9912
-5.87734	10.7918
-5.87734	-10.7918
-3.91052	9.17768
-3.91052	-9.17768
-0.109	0
-0.358392	2.53212
-0.358392	-2.53212
-1.09698	4.96692
-1.09698	-4.96692
-2.29639	7.21086
-2.29639	-7.21086
-27.3084	0
-27.059	2.53212
-27.059	-2.53212
-26.3204	4.96692
-26.3204	-4.96692
-25.121	7.21086
-25.121	-7.21086
-23.5069	9.17768
-23.5069	-9.17768
-21.5401	10.7918
-21.5401	-10.7918
-19.2961	11.9912
-19.2961	-11.9912
-16.8613	12.7298
-16.8613	-12.7298
-14.3292	12.9792
-14.3292	-12.9792
-11.7971	12.7298
-11.7971	-12.7298
-9.36228	11.9912
-9.36228	-11.9912
-7.11834	10.7918
-7.11834	-10.7918
-5.15152	9.17768
-5.15152	-9.17768
-1.35	0
-1.59939	2.53212
-1.59939	-2.53212
-2.33798	4.96692
-2.33798	-4.96692
-3.53739	7.21086
-3.53739	-7.21086
-26.2754	0
-26.026	2.53212
-26.026	-2.53212
-25.2874	4.96692
-25.2874	-4.96692
-24.088	7.21086
-24.088	-7.21086
-22.4739	9.17768
-22.4739	-9.17768
-20.5071	10.7918
-20.5071	-10.7918
-18.2631	11.9912
-18.2631	-11.9912
-15.8283	12.7298
-15.8283	-12.7298
-13.2962	12.9792
-13.2962	-12.9792
-10.7641	12.7298
-10.7641	-12.7298
-8.32928	11.9912
-8.32928	-11.9912
-6.08534	10.7918
-6.08534	-10.7918
-4.11852	9.17768
-4.11852	-9.17768
-0.317	0
-0.566392	2.53212
-0.566392	-2.53212
-1.30498	4.96692
-1.30498	-4.96692
-2.50439	7.21086
-2.50439	-7.21086
-25.9902	0
-25.7408	2.53212
-25.7408	-2.53212
-25.0022	4.96692
-25.0022	-4.96692
-23.8028	7.21086
-23.8028	-7.21086
-22.1887	9.17768
-22.1887	-9.17768
-20.2219	10.7918
-20.2219	-10.7918
-17.9779	11.9912
-17.9779	-11.9912
-15.5431	12.7298
-15.5431	-12.7298
-13.011	12.9792
-13.011	-12.9792
-10.4789	12.7298
-10.4789	-12.7298
-8.04408	11.9912
-8.04408	-11.9912
-5.80014	10.7918
-5.80014	-10.7918
-3.83332	9.17768
-3.83332	-9.17768
-0.0318	0
-0.281192	2.53212
-0.281192	-2.53212
-1.01978	4.96692
-1.01978	-4.96692
-2.21919	7.21086
-2.21919	-7.21086
-34.5984	0
-34.349	2.53212
-34.349	-2.53212
-33.6104	4.96692
-33.6104	-4.96692
-32.411	7.21086
-32.411	-7.21086
-30.7969	9.17768
-30.7969	-9.17768
-28.8301	10.7918
-28.8301	-10.7918
-26.5861	11.9912
-26.5861	-11.9912
-24.1513	12.7298
-24.1513	-12.7298
-21.6192	12.9792
-21.6192	-12.9792
-19.0871	12.7298
-19.0871	-12.7298
-16.6523	11.9912
-16.6523	-11.9912
-14.4083	10.7918
-14.4083	-10.7918
-12.4415	9.17768
-12.4415	-9.17768
-8.64	0
-8.88939	2.53212
-8.88939	-2.53212
-9.62798	4.96692
-9.62798	-4.96692
-10.8274	7.21086
-10.8274	-7.21086
-25.8313	0
-25.5833	2.5185
-25.5833	-2.5185
-24.8487	4.94022
-24.8487	-4.94022
-23.6557	7.17209
-23.6557	-7.17209
-22.0503	9.12834
-22.0503	-9.12834
-20.094	10.7338
-20.094	-10.7338
-17.8621	11.9267
-17.8621	-11.9267
-15.4404	12.6614
-15.4404	-12.6614
-12.9219	12.9094
-12.9219	-12.9094
-10.4034	12.6614
-10.4034	-12.6614
-7.9817	11.9267
-7.9817	-11.9267
-5.74983	10.7338
-5.74983	-10.7338
-3.79358	9.12834
-3.79358	-9.12834
-0.0125	0
-0.260551	2.5185
-0.260551	-2.5185
-0.995171	4.94022
-0.995171	-4.94022
-2.18813	7.17209
-2.18813	-7.17209
-25.9278	0
-25.6798	2.5185
-25.6798	-2.5185
-24.9452	4.94022
-24.9452	-4.94022
-23.7522	7.17209
-23.7522	-7.17209
-22.1468	9.12834
-22.1468	-9.12834
-20.1905	10.7338
-20.1905	-10.7338
-17.9586	11.9267
-17.9586	-11.9267
-15.5369	12.6614
-15.5369	-12.6614
-13.0184	12.9094
-13.0184	-12.9094
-10.4999	12.6614
-10.4999	-12.6614
-8.0782	11.9267
-8.0782	-11.9267
-5.84633	10.7338
-5.84633	-10.7338
-3.89008	9.12834
-3.89008	-9.12834
-0.109	0
-0.357051	2.5185
-0.357051	-2.5185
-1.09167	4.94022
-1.09167	-4.94022
-2.28463	7.17209
-2.28463	-7.17209
-27.1688	0
-26.9208	2.5185
-26.9208	-2.5185
-26.1862	4.94022
-26.1862	-4.94022
-24.9932	7.17209
-24.9932	-7.17209
-23.3878	9.12834
-23.3878	-9.12834
-21.4315	10.7338
-21.4315	-10.7338
-19.1996	11.9267
-19.1996	-11.9267
-16.7779	12.6614
-16.7779	-12.6614
-14.2594	12.9094
-14.2594	-12.9094
-11.7409	12.6614
-11.7409	-12.6614
-9.3192	11.9267
-9.3192	-11.9267
-7.08733	10.7338
-7.08733	-10.7338
-5.13108	9.12834
-5.13108	-9.12834
-1.35	0
-1.59805	2.5185
-1.59805	-2.5185
-2.33267	4.94022
-2.33267	-4.94022
-3.52563	7.17209
-3.52563	-7.17209
-26.1358	0
-25.8878	2.5185
-25.8878	-2.5185
-25.1532	4.94022
-25.1532	-4.94022
-23.9602	7.17209
-23.9602	-7.17209
-22.3548	9.12834
-22.3548	-9.12834
-20.3985	10.7338
-20.3985	-10.7338
-18.1666	11.9267
-18.1666	-11.9267
-15.7449	12.6614
-15.7449	-12.6614
-13.2264	12.9094
-13.2264	-12.9094
-10.7079	12.6614
-10.7079	-12.6614
-8.2862	11.9267
-8.2862	-11.9267
-6.05433	10.7338
-6.05433	-10.7338
-4.09808	9.12834
-4.09808	-9.12834
-0.317	0
-0.565051	2.5185
-0.565051	-2.5185
-1.29967	4.94022
-1.29967	-4.94022
-2.49263	7.17209
-2.49263	-7.17209
-25.8506	0
-25.6026	2.5185
-25.6026	-2.5185
-24.868	4.94022
-24.868	-4.94022
-23.675	7.17209
-23.675	-7.17209
-22.0696	9.12834
-22.0696	-9.12834
-20.1133	10.7338
-20.1133	-10.7338
-17.8814	11.9267
-17.8814	-11.9267
-15.4597	12.6614
-15.4597	-12.6614
-12.9412	12.9094
-12.9412	-12.9094
-10.4227	12.6614
-10.4227	-12.6614
-8.001	11.9267
-8.001	-11.9267
-5.76913	10.7338
-5.76913	-10.7338
-3.81288	9.12834
-3.81288	-9.12834
-0.0318	0
-0.279851	2.5185
-0.279851	-2.5185
-1.01447	4.94022
-1.01447	-4.94022
-2.20743	7.17209
-2.20743	-7.17209
-34.4588	0
-34.2108	2.5185
-34.2108	-2.5185
-33.4762	4.94022
-33.4762	-4.94022
-32.2832	7.17209
-32.2832	-7.17209
-30.6778	9.12834
-30.6778	-9.12834
-28.7215	10.7338
-28.7215	-10.7338
-26.4896	11.9267
-26.4896	-11.9267
-24.0679	12.6614
-24.0679	-12.6614
-21.5494	12.9094
-21.5494	-12.9094
-19.0309	12.6614
-19.0309	-12.6614
-16.6092	11.9267
-16.6092	-11.9267
-14.3773	10.7338
-14.3773	-10.7338
-12.4211	9.12834
-12.4211	-9.12834
-8.64	0
-8.88805	2.5185
-8.88805	-2.5185
-9.62267	4.94022
-9.62267	-4.94022
-10.8156	7.17209
-10.8156	-7.17209
-25.6918	0
-25.4451	2.50489
-25.4451	-2.50489
-24.7144	4.91352
-24.7144	-4.91352
-23.5279	7.13332
-23.5279	-7.13332
-21.9311	9.079
-21.9311	-9.079
-19.9855	10.6758
-19.9855	-10.6758
-17.7657	11.8623
-17.7657	-11.8623
-15.357	12.5929
-15.357	-12.5929
-12.8521	12.8396
-12.8521	-12.8396
-10.3472	12.5929
-10.3472	-12.5929
-7.93862	11.8623
-7.93862	-11.8623
-5.71882	10.6758
-5.71882	-10.6758
-3.77314	9.079
-3.77314	-9.079
-0.0125	0
-0.25921	2.50489
-0.25921	-2.50489
-0.989859	4.91352
-0.989859	-4.91352
-2.17637	7.13332
-2.17637	-7.13332
-25.7883	0
-25.5416	2.50489
-25.5416	-2.50489
-24.8109	4.91352
-24.8109	-4.91352
-23.6244	7.13332
-23.6244	-7.13332
-22.0276	9.079
-22.0276	-9.079
-20.082	10.6758
-20.082	-10.6758
-17.8622	11.8623
-17.8622	-11.8623
-15.4535	12.5929
-15.4535	-12.5929
-12.9486	12.8396
-12.9486	-12.8396
-10.4437	12.5929
-10.4437	-12.5929
-8.03512	11.8623
-8.03512	-11.8623
-5.81532	10.6758
-5.81532	-10.6758
-3.86964	9.079
-3.86964	-9.079
-0.109	0
-0.35571	2.50489
-0.35571	-2.50489
-1.08636	4.91352
-1.08636	-4.91352
-2.27287	7.13332
-2.27287	-7.13332
-27.0293	0
-26.7826	2.50489
-26.7826	-2.50489
-26.0519	4.91352
-26.0519	-4.91352
-24.8654	7.13332
-24.8654	-7.13332
-23.2686	9.079
-23.2686	-9.079
-21.323	10.6758
-21.323	-10.6758
-19.1032	11.8623
-19.1032	-11.8623
-16.6945	12.5929
-16.6945	-12.5929
-14.1896	12.8396
-14.1896	-12.8396
-11.6847	12.5929
-11.6847	-12.5929
-9.27612	11.8623
-9.27612	-11.8623
-7.05632	10.6758
-7.05632	-10.6758
-5.11064	9.079
-5.11064	-9.079
-1.35	0
-1.59671	2.50489
-1.59671	-2.50489
-2.32736	4.91352
-2.32736	-4.91352
-3.51387	7.13332
-3.51387	-7.13332
-25.9963	0
-25.7496	2.50489
-25.7496	-2.50489
-25.0189	4.91352
-25.0189	-4.91352
-23.8324	7.13332
-23.8324	-7.13332
-22.2356	9.079
-22.2356	-9.079
-20.29	10.6758
-20.29	-10.6758
-18.0702	11.8623
-18.0702	-11.8623
-15.6615	12.5929
-15.6615	-12.5929
-13.1566	12.8396
-13.1566	-12.8396
-10.6517	12.5929
-10.6517	-12.5929
-8.24312	11.8623
-8.24312	-11.8623
-6.02332	10.6758
-6.02332	-10.6758
-4.07764	9.079
-4.07764	-9.079
-0.317	0
-0.56371	2.50489
-0.56371	-2.50489
-1.29436	4.91352
-1.29436	-4.91352
-2.48087	7.13332
-2.48087	-7.13332
-25.7111	0
-25.4644	2.50489
-25.4644	-2.50489
-24.7337	4.91352
-24.7337	-4.91352
-23.5472	7.13332
-23.5472	-7.13332
-21.9504	9.079
-21.9504	-9.079
-20.0048	10.6758
-20.0048	-10.6758
-17.785	11.8623
-17.785	-11.8623
-15.3763	12.5929
-15.3763	-12.5929
-12.8714	12.8396
-12.8714	-12.8396
-10.3665	12.5929
-10.3665	-12.5929
-7.95792	11.8623
-7.95792	-11.8623
-5.73812	10.6758
-5.73812	-10.6758
-3.79244	9.079
-3.79244	-9.079
-0.0318	0
-0.27851	2.50489
-0.27851	-2.50489
-1.00916	4.91352
-1.00916	-4.91352
-2.19567	7.13332
-2.19567	-7.13332
-34.3193	0
-34.0726	2.50489
-34.0726	-2.50489
-33.3419	4.91352
-33.3419	-4.91352
-32.1554	7.13332
-32.1554	-7.13332
-30.5586	9.079
-30.5586	-9.079
-28.613	10.6758
-28.613	-10.6758
-26.3932	11.8623
-26.3932	-11.8623
-23.9845	12.5929
-23.9845	-12.5929
-21.4796	12.8396
-21.4796	-12.8396
-18.9747	12.5929
-18.9747	-12.5929
-16.5661	11.8623
-16.5661	-11.8623
-14.3463	10.6758
-14.3463	-10.6758
-12.4006	9.079
-12.4006	-9.079
-8.64	0
-8.88671	2.50489
-8.88671	-2.50489
-9.61736	4.91352
-9.61736	-4.91352
-10.8039	7.13332
-10.8039	-7.13332
0	0
