2.220446049250310E-16
2.580956802994620E-08
1.386347866119120E-05
3.397168839976830E-04
2.400876357887270E-03
9.065656407595100E-03
2.384455532500270E-02
4.991228871115320E-02
8.957760203223340E-02
1.441829761614380E-01
2.142358068451710E-01
2.996158913811580E-01
3.997775336316800E-01
5.139146936124290E-01
6.410835233041200E-01
7.802874256626580E-01
9.305328460786570E-01
1.090863719290040E+00
1.260381060642640E+00
1.438252596804340E+00
1.623715950235820E+00
1.816077816215090E+00
2.014710780944620E+00
2.219048869365090E+00
2.428582524442830E+00
2.642853457459440E+00
2.861449633934260E+00
3.084000544989160E+00
3.310172839890270E+00
3.539666348743690E+00
3.772210495681750E+00
4.007561086118040E+00
4.245497442579700E+00
4.485819859447370E+00
4.728347345793540E+00
4.972915626191980E+00
5.219375371084060E+00
5.467590630524540E+00
5.717437447572010E+00
5.968802630041850E+00
6.221582661689890E+00
6.475682736079980E+00
6.731015898381020E+00
6.987502282130630E+00
7.245068429597950E+00
7.503646685788860E+00
7.763174657377990E+00
8.023594728939980E+00
8.284853629803920E+00
8.546902045684930E+00
8.809694269971320E+00
9.073187890176150E+00
9.337343505612010E+00
9.602124472826560E+00
9.867496675753400E+00
1.013342831789750E+01
1.039988973419100E+01
1.066685322043410E+01
1.093429287847580E+01
1.120218447550460E+01
1.147050531600250E+01
1.173923412508020E+01
1.200835094205320E+01
1.227783702324690E+01
1.254767475312640E+01
1.281784756294660E+01
1.308833985620330E+01
1.335913694024290E+01
1.363022496345500E+01
1.390159085753190E+01
1.417322228433180E+01
1.444510758693130E+01
1.471723574449010E+01
1.498959633059430E+01
1.526217947477170E+01
1.553497582690570E+01
1.580797652430090E+01
1.608117316117400E+01
1.635455776036930E+01
1.662812274711210E+01
1.690186092463490E+01
1.717576545152410E+01
1.744982982064740E+01
1.772404783953920E+01
1.799841361212630E+01
1.827292152169180E+01
1.854756621498050E+01
1.882234258735900E+01
1.909724576895060E+01
1.937227111167260E+01
1.964741417710860E+01
1.992267072515430E+01
2.019803670338310E+01
2.047350823708310E+01
2.074908161993590E+01
2.102475330535610E+01
2.130051989866350E+01
2.157637815072140E+01
2.185232495499010E+01
2.212835735346460E+01
